## SPECTRUM TYPE:
LCE

## DATE:
18-Jan-08

## COMMENTS:

## NUMBER OF SPECTRUM:
1

## ELLIPSOMETRIC CONFIGURATION:
0.00 ø :Modulator
+45.00 øAnalyser

## UNIT:
nm


# SPECTRUM:
1

# START TIME:
10:44:54

# END TIME:
10:44:54

# THETA ANGLE:
0.00 ø

# INCIDENCE ANGLE:
70.00 ø

# ACCUMULATION NUMBER:
19

# ELLIPSOMETRIC CONFIGURATION:
0.00 ø :Modulator
+45.00 øAnalyser

# INTEGRATION TIME:
90 ms

# FIRST POINT:
849.54 nm

# LAST POINT:
430.78 nm

# INCREMENT:
0.00 nm

# NUMBER OF POINTS:
500

# DATA:
nm Psi Delta Ic Is 
849.54 27.918 59.727 0.42280 0.72433 
848.50 27.886 59.707 0.42200 0.72237 
847.81 27.867 59.690 0.42155 0.72110 
846.77 27.840 59.660 0.42097 0.71926 
846.07 27.824 59.637 0.42066 0.71808 
845.03 27.803 59.598 0.42031 0.71635 
844.34 27.791 59.569 0.42015 0.71525 
843.30 27.775 59.521 0.42002 0.71365 
842.61 27.766 59.486 0.42000 0.71262 
841.56 27.756 59.428 0.42009 0.71113 
840.87 27.751 59.387 0.42022 0.71019 
840.18 27.744 59.316 0.42064 0.70889 
839.14 27.759 59.267 0.42125 0.70852 
838.44 27.755 59.253 0.42105 0.70781 
837.40 27.730 59.137 0.42148 0.70527 
836.71 27.749 59.062 0.42258 0.70502 
835.67 27.763 58.970 0.42347 0.70393 
834.98 27.759 58.909 0.42381 0.70279 
833.94 27.771 58.818 0.42483 0.70198 
833.24 27.780 58.768 0.42532 0.70141 
832.55 27.798 58.681 0.42647 0.70090 
831.51 27.835 58.613 0.42760 0.70087 
830.82 27.848 58.545 0.42833 0.70021 
829.78 27.868 58.433 0.42950 0.69905 
829.08 27.898 58.373 0.43056 0.69913 
828.04 27.922 58.283 0.43173 0.69856 
827.35 27.933 58.221 0.43248 0.69811 
826.31 27.948 58.116 0.43357 0.69700 
825.62 27.968 58.038 0.43460 0.69654 
824.58 27.978 57.946 0.43554 0.69556 
823.89 28.014 57.885 0.43677 0.69586 
823.19 28.040 57.829 0.43770 0.69585 
822.15 28.078 57.726 0.43928 0.69556 
821.46 28.097 57.673 0.44004 0.69535 
820.42 28.153 57.593 0.44178 0.69595 
819.73 28.176 57.534 0.44267 0.69576 
818.69 28.196 57.448 0.44367 0.69503 
818.00 28.227 57.397 0.44458 0.69510 
816.96 28.273 57.307 0.44606 0.69500 
816.27 28.304 57.254 0.44711 0.69521 
815.23 28.364 57.196 0.44871 0.69616 
814.54 28.394 57.152 0.44960 0.69636 
813.84 28.435 57.108 0.45073 0.69693 
812.81 28.484 57.033 0.45217 0.69715 
812.11 28.506 56.964 0.45314 0.69681 
811.07 28.549 56.857 0.45487 0.69662 
810.38 28.592 56.788 0.45631 0.69699 
809.34 28.649 56.708 0.45807 0.69757 
808.65 28.673 56.651 0.45894 0.69739 
807.61 28.731 56.581 0.46053 0.69794 
806.92 28.773 56.532 0.46166 0.69835 
805.88 28.825 56.471 0.46321 0.69905 
805.19 28.844 56.409 0.46405 0.69870 
804.50 28.858 56.350 0.46479 0.69825 
803.46 28.894 56.288 0.46590 0.69827 
802.77 28.920 56.213 0.46704 0.69799 
801.73 28.973 56.118 0.46892 0.69831 
801.04 28.994 56.067 0.46972 0.69816 
800.00 29.023 55.996 0.47078 0.69784 
799.31 29.038 55.936 0.47146 0.69729 
798.27 29.077 55.822 0.47309 0.69670 
797.58 29.102 55.759 0.47407 0.69652 
796.89 29.139 55.701 0.47537 0.69690 
795.85 29.205 55.617 0.47740 0.69766 
795.16 29.226 55.539 0.47847 0.69718 
794.12 29.243 55.427 0.47961 0.69593 
793.43 29.285 55.354 0.48105 0.69613 
792.40 29.335 55.263 0.48275 0.69623 
791.70 29.367 55.210 0.48378 0.69633 
790.67 29.424 55.105 0.48569 0.69634 
789.98 29.466 55.051 0.48680 0.69655 
788.94 29.520 54.961 0.48856 0.69672 
788.25 29.560 54.884 0.49005 0.69686 
787.56 29.600 54.811 0.49136 0.69684 
786.52 29.664 54.713 0.49321 0.69691 
785.83 29.708 54.650 0.49450 0.69712 
784.79 29.746 54.549 0.49576 0.69630 
784.10 29.769 54.482 0.49665 0.69581 
783.06 29.810 54.382 0.49821 0.69542 
782.37 29.851 54.321 0.49950 0.69566 
781.34 29.903 54.242 0.50105 0.69579 
780.65 29.939 54.190 0.50209 0.69592 
779.61 29.991 54.112 0.50363 0.69604 
778.92 30.011 54.038 0.50457 0.69544 
778.23 30.031 53.967 0.50544 0.69484 
777.19 30.078 53.854 0.50725 0.69444 
776.50 30.101 53.784 0.50818 0.69394 
775.47 30.167 53.668 0.51041 0.69401 
774.78 30.204 53.604 0.51162 0.69405 
773.74 30.248 53.505 0.51318 0.69365 
773.05 30.278 53.437 0.51427 0.69339 
772.01 30.323 53.333 0.51584 0.69288 
771.32 30.366 53.254 0.51727 0.69281 
770.63 30.413 53.181 0.51884 0.69307 
769.60 30.467 53.068 0.52090 0.69297 
768.91 30.501 52.992 0.52224 0.69284 
767.87 30.550 52.876 0.52405 0.69232 
767.18 30.580 52.777 0.52539 0.69160 
766.15 30.658 52.660 0.52782 0.69185 
765.46 30.724 52.581 0.52995 0.69267 
764.42 30.768 52.460 0.53174 0.69197 
763.73 30.807 52.383 0.53299 0.69168 
762.70 30.863 52.272 0.53477 0.69121 
762.01 30.902 52.207 0.53597 0.69113 
761.32 30.944 52.134 0.53736 0.69112 
760.28 31.008 52.012 0.53958 0.69093 
759.59 31.043 51.941 0.54074 0.69064 
758.56 31.100 51.844 0.54264 0.69068 
757.87 31.136 51.791 0.54380 0.69083 
756.83 31.178 51.681 0.54544 0.69018 
756.14 31.215 51.605 0.54693 0.69017 
755.11 31.273 51.505 0.54882 0.69008 
754.42 31.312 51.445 0.54991 0.68997 
753.38 31.365 51.337 0.55170 0.68953 
752.69 31.395 51.266 0.55272 0.68906 
752.00 31.431 51.184 0.55401 0.68866 
750.97 31.483 51.078 0.55563 0.68806 
750.28 31.519 51.013 0.55675 0.68786 
749.25 31.576 50.909 0.55866 0.68766 
748.56 31.610 50.827 0.55989 0.68715 
747.52 31.668 50.699 0.56196 0.68655 
746.83 31.695 50.627 0.56293 0.68597 
745.80 31.744 50.508 0.56464 0.68516 
745.11 31.790 50.455 0.56579 0.68527 
744.08 31.844 50.348 0.56733 0.68452 
743.39 31.885 50.280 0.56858 0.68438 
742.70 31.919 50.208 0.56973 0.68400 
741.66 31.971 50.097 0.57146 0.68340 
740.98 32.003 50.016 0.57257 0.68276 
739.94 32.059 49.893 0.57437 0.68191 
739.25 32.093 49.807 0.57561 0.68131 
738.22 32.148 49.698 0.57743 0.68084 
737.53 32.173 49.613 0.57849 0.68004 
736.50 32.222 49.496 0.58011 0.67913 
735.81 32.263 49.425 0.58128 0.67879 
735.12 32.298 49.353 0.58253 0.67851 
734.09 32.356 49.214 0.58477 0.67779 
733.40 32.397 49.122 0.58631 0.67737 
732.37 32.459 48.960 0.58899 0.67661 
731.68 32.499 48.874 0.59046 0.67623 
730.64 32.572 48.742 0.59297 0.67597 
729.96 32.620 48.646 0.59465 0.67559 
728.92 32.691 48.500 0.59726 0.67507 
728.23 32.747 48.419 0.59902 0.67515 
727.20 32.821 48.299 0.60132 0.67488 
726.51 32.866 48.208 0.60295 0.67455 
725.82 32.914 48.112 0.60467 0.67421 
724.79 32.985 47.981 0.60696 0.67365 
724.10 33.028 47.885 0.60838 0.67295 
723.07 33.085 47.732 0.61027 0.67142 
722.38 33.132 47.632 0.61189 0.67086 
721.35 33.207 47.490 0.61443 0.67030 
720.66 33.253 47.397 0.61596 0.66979 
719.63 33.317 47.263 0.61785 0.66870 
718.94 33.361 47.186 0.61908 0.66823 
717.91 33.430 47.073 0.62089 0.66752 
717.22 33.484 46.993 0.62242 0.66729 
716.54 33.522 46.906 0.62358 0.66651 
715.50 33.595 46.775 0.62595 0.66598 
714.82 33.635 46.693 0.62721 0.66542 
713.78 33.695 46.568 0.62922 0.66463 
713.10 33.736 46.481 0.63054 0.66400 
712.07 33.798 46.352 0.63236 0.66293 
711.38 33.841 46.254 0.63391 0.66228 
710.35 33.906 46.101 0.63623 0.66117 
709.66 33.947 45.999 0.63772 0.66035 
708.97 33.988 45.890 0.63919 0.65937 
707.94 34.041 45.746 0.64101 0.65793 
707.25 34.079 45.643 0.64248 0.65706 
706.22 34.143 45.468 0.64500 0.65563 
705.53 34.184 45.362 0.64657 0.65480 
704.50 34.248 45.214 0.64900 0.65387 
703.82 34.290 45.116 0.65050 0.65314 
702.78 34.354 44.952 0.65298 0.65189 
702.10 34.400 44.847 0.65458 0.65108 
701.07 34.465 44.690 0.65683 0.64975 
700.38 34.509 44.576 0.65841 0.64873 
699.69 34.554 44.459 0.66004 0.64770 
698.66 34.625 44.288 0.66254 0.64627 
697.97 34.672 44.170 0.66408 0.64510 
696.94 34.752 44.002 0.66665 0.64382 
696.26 34.800 43.872 0.66836 0.64253 
695.23 34.882 43.690 0.67103 0.64102 
694.54 34.934 43.580 0.67276 0.64022 
693.51 35.017 43.404 0.67570 0.63907 
692.82 35.070 43.302 0.67734 0.63833 
691.79 35.148 43.126 0.67989 0.63681 
691.11 35.208 43.017 0.68176 0.63613 
690.42 35.271 42.903 0.68378 0.63548 
689.39 35.356 42.738 0.68648 0.63432 
688.70 35.409 42.621 0.68823 0.63332 
687.67 35.499 42.441 0.69125 0.63211 
686.99 35.558 42.332 0.69315 0.63142 
685.96 35.640 42.154 0.69590 0.62997 
685.27 35.699 42.030 0.69780 0.62896 
684.24 35.786 41.854 0.70073 0.62773 
683.55 35.839 41.732 0.70259 0.62668 
682.87 35.895 41.610 0.70448 0.62569 
681.84 35.976 41.434 0.70721 0.62422 
681.15 36.022 41.319 0.70873 0.62305 
680.12 36.096 41.154 0.71116 0.62157 
679.44 36.151 41.035 0.71300 0.62057 
678.41 36.231 40.863 0.71558 0.61905 
677.72 36.283 40.751 0.71729 0.61807 
676.69 36.366 40.571 0.71994 0.61644 
676.01 36.423 40.443 0.72182 0.61526 
674.98 36.512 40.258 0.72451 0.61350 
674.29 36.563 40.136 0.72605 0.61217 
673.61 36.617 40.014 0.72765 0.61087 
672.58 36.702 39.833 0.73027 0.60915 
671.89 36.764 39.703 0.73224 0.60799 
670.86 36.845 39.519 0.73467 0.60602 
670.18 36.901 39.399 0.73632 0.60479 
669.15 36.987 39.207 0.73898 0.60285 
668.46 37.047 39.072 0.74091 0.60151 
667.43 37.136 38.873 0.74354 0.59938 
666.75 37.196 38.743 0.74548 0.59817 
665.72 37.294 38.542 0.74839 0.59620 
665.03 37.354 38.403 0.75008 0.59457 
664.35 37.421 38.255 0.75206 0.59299 
663.32 37.518 38.050 0.75498 0.59093 
662.64 37.579 37.904 0.75684 0.58926 
661.61 37.678 37.692 0.75987 0.58712 
660.92 37.742 37.546 0.76198 0.58567 
659.89 37.844 37.323 0.76508 0.58333 
659.21 37.907 37.181 0.76695 0.58175 
658.18 37.994 36.950 0.76949 0.57881 
657.50 38.060 36.802 0.77163 0.57731 
656.47 38.157 36.579 0.77460 0.57483 
655.78 38.222 36.421 0.77665 0.57304 
655.10 38.293 36.267 0.77887 0.57144 
654.07 38.384 36.026 0.78182 0.56856 
653.39 38.449 35.877 0.78372 0.56683 
652.36 38.549 35.645 0.78686 0.56427 
651.67 38.616 35.484 0.78912 0.56254 
650.65 38.718 35.242 0.79243 0.55988 
649.96 38.782 35.089 0.79459 0.55821 
648.93 38.879 34.844 0.79788 0.55546 
648.25 38.943 34.677 0.80011 0.55354 
647.56 39.003 34.512 0.80219 0.55157 
646.54 39.091 34.271 0.80524 0.54871 
645.85 39.151 34.110 0.80723 0.54674 
644.83 39.237 33.852 0.81016 0.54342 
644.14 39.290 33.673 0.81209 0.54104 
643.12 39.378 33.401 0.81509 0.53747 
642.43 39.442 33.221 0.81716 0.53515 
641.40 39.535 32.942 0.82034 0.53156 
640.72 39.600 32.749 0.82260 0.52910 
639.69 39.697 32.466 0.82553 0.52523 
639.01 39.759 32.266 0.82761 0.52251 
638.32 39.821 32.074 0.82966 0.51992 
637.30 39.915 31.784 0.83290 0.51609 
636.61 39.979 31.598 0.83510 0.51373 
635.59 40.069 31.310 0.83827 0.50987 
634.90 40.136 31.119 0.84046 0.50738 
633.88 40.232 30.837 0.84337 0.50349 
633.19 40.292 30.640 0.84524 0.50068 
632.17 40.387 30.333 0.84813 0.49627 
631.48 40.448 30.129 0.85010 0.49337 
630.46 40.542 29.822 0.85305 0.48897 
629.77 40.612 29.620 0.85512 0.48617 
629.09 40.683 29.409 0.85727 0.48322 
628.06 40.784 29.101 0.86030 0.47885 
627.38 40.850 28.900 0.86223 0.47598 
626.36 40.944 28.598 0.86498 0.47157 
625.67 41.012 28.400 0.86711 0.46884 
624.65 41.111 28.090 0.87053 0.46462 
623.96 41.178 27.878 0.87279 0.46169 
622.94 41.273 27.568 0.87572 0.45720 
622.25 41.338 27.359 0.87774 0.45418 
621.57 41.399 27.142 0.87975 0.45100 
620.55 41.488 26.819 0.88227 0.44603 
619.86 41.545 26.602 0.88386 0.44265 
618.84 41.635 26.269 0.88659 0.43759 
618.15 41.697 26.046 0.88856 0.43427 
617.13 41.791 25.689 0.89151 0.42884 
616.45 41.854 25.449 0.89333 0.42512 
615.42 41.956 25.100 0.89627 0.41985 
614.74 42.015 24.867 0.89808 0.41625 
613.71 42.106 24.519 0.90110 0.41101 
613.03 42.171 24.271 0.90331 0.40732 
612.35 42.231 24.040 0.90496 0.40367 
611.32 42.317 23.676 0.90776 0.39803 
610.64 42.375 23.445 0.90965 0.39450 
609.61 42.467 23.089 0.91249 0.38901 
608.93 42.527 22.850 0.91444 0.38534 
607.91 42.617 22.488 0.91719 0.37969 
607.22 42.677 22.239 0.91897 0.37575 
606.20 42.759 21.855 0.92135 0.36954 
605.52 42.820 21.593 0.92327 0.36542 
604.49 42.915 21.202 0.92594 0.35918 
603.81 42.974 20.947 0.92778 0.35515 
603.13 43.031 20.683 0.92940 0.35087 
602.10 43.128 20.284 0.93201 0.34447 
601.42 43.189 20.022 0.93373 0.34025 
600.40 43.278 19.625 0.93612 0.33379 
599.72 43.341 19.353 0.93785 0.32941 
598.69 43.427 18.944 0.94024 0.32272 
598.01 43.487 18.666 0.94188 0.31819 
596.99 43.578 18.252 0.94439 0.31144 
596.30 43.638 17.967 0.94591 0.30674 
595.28 43.727 17.544 0.94811 0.29974 
594.60 43.785 17.254 0.94952 0.29491 
593.92 43.839 16.961 0.95092 0.29003 
592.89 43.925 16.505 0.95330 0.28247 
592.21 43.979 16.205 0.95513 0.27758 
591.19 44.063 15.758 0.95790 0.27030 
590.51 44.124 15.447 0.95953 0.26515 
589.48 44.211 14.983 0.96170 0.25737 
588.80 44.264 14.673 0.96278 0.25209 
587.78 44.344 14.214 0.96511 0.24446 
587.10 44.394 13.906 0.96666 0.23934 
586.41 44.447 13.590 0.96807 0.23402 
585.39 44.522 13.114 0.97007 0.22598 
584.71 44.568 12.806 0.97109 0.22073 
583.69 44.638 12.328 0.97326 0.21270 
583.01 44.684 12.009 0.97434 0.20727 
581.98 44.752 11.522 0.97616 0.19899 
581.30 44.794 11.196 0.97745 0.19347 
580.28 44.857 10.712 0.97890 0.18518 
579.60 44.896 10.383 0.97989 0.17955 
578.58 44.954 9.886 0.98153 0.17105 
577.89 44.994 9.553 0.98260 0.16537 
577.21 45.033 9.217 0.98352 0.15960 
576.19 45.087 8.712 0.98489 0.15093 
575.51 45.125 8.357 0.98568 0.14480 
574.49 45.185 7.840 0.98703 0.13590 
573.81 45.220 7.486 0.98774 0.12979 
572.78 45.276 6.941 0.98906 0.12041 
572.10 45.310 6.574 0.98993 0.11409 
571.08 45.354 6.044 0.99103 0.10493 
570.40 45.387 5.683 0.99180 0.09869 
569.38 45.426 5.130 0.99277 0.08913 
568.70 45.448 4.761 0.99351 0.08275 
568.02 45.473 4.388 0.99433 0.07629 
567.00 45.507 3.817 0.99527 0.06640 
566.32 45.529 3.440 0.99614 0.05989 
565.29 45.560 2.864 0.99749 0.04991 
564.61 45.579 2.484 0.99801 0.04329 
563.59 45.613 1.902 0.99878 0.03317 
562.91 45.632 1.513 0.99915 0.02639 
561.89 45.659 0.934 0.99986 0.01631 
561.21 45.672 0.543 1.00025 0.00948 
560.53 45.683 0.154 1.00087 0.00268 
559.51 45.700 359.571 1.00114 -0.00750 
558.83 45.710 359.174 1.00098 -0.01444 
557.81 45.720 358.600 1.00106 -0.02447 
557.13 45.726 358.208 1.00098 -0.03131 
556.11 45.730 357.606 1.00050 -0.04182 
555.43 45.731 357.205 1.00006 -0.04883 
554.40 45.730 356.620 0.99969 -0.05904 
553.72 45.725 356.222 0.99918 -0.06597 
552.70 45.717 355.637 0.99807 -0.07615 
552.02 45.710 355.237 0.99772 -0.08313 
551.34 45.703 354.836 0.99696 -0.09009 
550.32 45.695 354.235 0.99588 -0.10054 
549.64 45.686 353.828 0.99490 -0.10759 
548.62 45.671 353.205 0.99346 -0.11837 
547.94 45.659 352.785 0.99248 -0.12564 
546.92 45.640 352.177 0.99050 -0.13608 
546.24 45.622 351.764 0.98929 -0.14320 
545.22 45.593 351.146 0.98763 -0.15384 
544.54 45.565 350.738 0.98643 -0.16085 
543.52 45.525 350.126 0.98421 -0.17132 
542.84 45.495 349.719 0.98285 -0.17829 
542.16 45.464 349.301 0.98131 -0.18541 
541.14 45.423 348.698 0.97944 -0.19574 
540.46 45.394 348.284 0.97795 -0.20280 
539.45 45.342 347.676 0.97578 -0.21317 
538.77 45.306 347.276 0.97467 -0.22008 
537.75 45.255 346.652 0.97232 -0.23070 
537.07 45.220 346.227 0.97061 -0.23792 
536.05 45.166 345.604 0.96839 -0.24857 
535.37 45.125 345.203 0.96646 -0.25529 
534.35 45.068 344.575 0.96406 -0.26600 
533.67 45.026 344.163 0.96203 -0.27290 
532.99 44.978 343.752 0.95996 -0.27976 
531.97 44.906 343.146 0.95690 -0.28990 
531.29 44.859 342.731 0.95470 -0.29678 
530.27 44.784 342.108 0.95135 -0.30714 
529.59 44.728 341.699 0.94927 -0.31397 
528.58 44.639 341.094 0.94622 -0.32407 
527.90 44.582 340.694 0.94407 -0.33071 
526.88 44.487 340.114 0.94062 -0.34025 
526.20 44.425 339.714 0.93837 -0.34685 
525.52 44.364 339.314 0.93604 -0.35344 
524.50 44.270 338.716 0.93270 -0.36334 
523.82 44.209 338.312 0.93013 -0.36991 
522.80 44.105 337.720 0.92617 -0.37947 
522.13 44.035 337.318 0.92336 -0.38591 
521.11 43.928 336.731 0.91913 -0.39525 
520.43 43.853 336.338 0.91654 -0.40160 
519.41 43.741 335.732 0.91190 -0.41112 
518.73 43.658 335.335 0.90908 -0.41745 
517.71 43.537 334.743 0.90468 -0.42682 
517.04 43.455 334.343 0.90145 -0.43300 
516.36 43.370 333.945 0.89810 -0.43910 
515.34 43.245 333.362 0.89348 -0.44816 
514.66 43.161 332.970 0.89038 -0.45426 
513.64 43.026 332.383 0.88537 -0.46320 
512.96 42.935 331.980 0.88209 -0.46942 
511.95 42.804 331.378 0.87713 -0.47867 
511.27 42.714 330.967 0.87371 -0.48496 
510.25 42.577 330.346 0.86800 -0.49417 
509.57 42.486 329.935 0.86422 -0.50027 
508.56 42.343 329.325 0.85829 -0.50911 
507.88 42.248 328.925 0.85437 -0.51487 
507.20 42.148 328.515 0.85042 -0.52083 
506.18 41.992 327.914 0.84416 -0.52926 
505.50 41.885 327.530 0.84022 -0.53467 
504.49 41.736 326.946 0.83414 -0.54281 
503.81 41.635 326.549 0.82997 -0.54833 
502.79 41.473 325.978 0.82391 -0.55619 
502.12 41.362 325.606 0.82012 -0.56143 
501.10 41.201 325.042 0.81387 -0.56898 
500.42 41.097 324.668 0.80969 -0.57397 
499.74 40.990 324.293 0.80550 -0.57896 
498.73 40.837 323.738 0.79944 -0.58643 
498.05 40.732 323.385 0.79521 -0.59090 
497.03 40.571 322.843 0.78854 -0.59761 
496.35 40.461 322.480 0.78404 -0.60204 
495.34 40.291 321.980 0.77767 -0.60803 
494.66 40.181 321.627 0.77333 -0.61234 
493.64 40.015 321.114 0.76677 -0.61839 
492.97 39.905 320.765 0.76249 -0.62265 
491.95 39.731 320.248 0.75566 -0.62852 
491.27 39.615 319.913 0.75136 -0.63241 
490.60 39.503 319.581 0.74712 -0.63629 
489.58 39.335 319.080 0.74054 -0.64194 
488.90 39.219 318.753 0.73631 -0.64566 
487.89 39.052 318.271 0.72993 -0.65100 
487.21 38.939 317.951 0.72569 -0.65454 
486.19 38.769 317.459 0.71896 -0.65974 
485.52 38.656 317.132 0.71466 -0.66337 
484.50 38.486 316.651 0.70816 -0.66849 
483.82 38.370 316.324 0.70371 -0.67191 
482.81 38.201 315.818 0.69673 -0.67713 
482.13 38.087 315.483 0.69214 -0.68056 
481.46 37.967 315.153 0.68756 -0.68390 
480.44 37.793 314.663 0.68075 -0.68881 
479.76 37.675 314.336 0.67621 -0.69207 
478.75 37.502 313.839 0.66936 -0.69704 
478.07 37.387 313.511 0.66483 -0.70031 
477.06 37.218 312.993 0.65770 -0.70546 
476.38 37.100 312.656 0.65292 -0.70865 
475.36 36.929 312.160 0.64601 -0.71344 
474.69 36.817 311.822 0.64119 -0.71657 
474.01 36.706 311.477 0.63633 -0.71982 
473.00 36.538 310.969 0.62898 -0.72435 
472.32 36.424 310.625 0.62398 -0.72737 
471.31 36.251 310.117 0.61652 -0.73171 
470.63 36.133 309.774 0.61138 -0.73449 
469.61 35.962 309.261 0.60389 -0.73884 
468.94 35.847 308.932 0.59893 -0.74141 
467.92 35.678 308.443 0.59151 -0.74516 
467.25 35.563 308.090 0.58611 -0.74776 
466.23 35.391 307.597 0.57841 -0.75116 
465.56 35.277 307.258 0.57327 -0.75368 
464.88 35.164 306.922 0.56812 -0.75606 
463.87 34.999 306.428 0.56039 -0.75932 
463.19 34.888 306.100 0.55522 -0.76141 
462.18 34.723 305.638 0.54788 -0.76420 
461.50 34.613 305.322 0.54282 -0.76602 
460.49 34.449 304.862 0.53547 -0.76867 
459.81 34.340 304.549 0.53049 -0.77045 
458.80 34.175 304.088 0.52292 -0.77270 
458.12 34.061 303.780 0.51792 -0.77425 
457.11 33.895 303.334 0.51065 -0.77638 
456.43 33.785 303.025 0.50570 -0.77796 
455.76 33.678 302.727 0.50093 -0.77949 
454.74 33.512 302.305 0.49405 -0.78136 
454.07 33.405 302.019 0.48939 -0.78262 
453.05 33.242 301.592 0.48221 -0.78408 
452.38 33.135 301.312 0.47757 -0.78509 
451.37 32.973 300.904 0.47077 -0.78648 
450.69 32.869 300.641 0.46638 -0.78731 
449.68 32.706 300.227 0.45958 -0.78878 
449.00 32.600 299.950 0.45491 -0.78952 
447.99 32.452 299.534 0.44811 -0.79094 
447.31 32.356 299.258 0.44375 -0.79211 
446.64 32.257 299.001 0.43956 -0.79297 
445.63 32.118 298.605 0.43322 -0.79442 
444.95 32.019 298.317 0.42857 -0.79536 
443.94 31.878 297.911 0.42208 -0.79681 
443.26 31.786 297.641 0.41773 -0.79763 
442.25 31.647 297.227 0.41102 -0.79881 
441.57 31.562 296.956 0.40678 -0.79985 
440.56 31.441 296.546 0.40040 -0.80146 
439.89 31.359 296.270 0.39617 -0.80265 
439.21 31.280 295.995 0.39199 -0.80388 
438.20 31.163 295.582 0.38577 -0.80581 
437.53 31.087 295.304 0.38162 -0.80716 
436.51 30.977 294.891 0.37550 -0.80926 
435.84 30.906 294.616 0.37145 -0.81072 
434.83 30.802 294.200 0.36538 -0.81300 
434.15 30.735 293.924 0.36137 -0.81457 
433.14 30.637 293.509 0.35541 -0.81702 
432.47 30.574 293.233 0.35146 -0.81871 
431.45 30.483 292.819 0.34558 -0.82134 
430.78 30.453 292.679 0.34361 -0.82224 

# MINIMA:
430.78 27.730 0.154 0.34361 -0.82224 

# MAXIMA:
849.54 45.731 359.571 1.00114 0.72433 

# PEAKS:

# END SPECTRUM

