## SPECTRUM TYPE:
LCE

## DATE:
5/11/2025

## COMMENTS:
Ti 2nm
Ag 52 nm
Al2O3 2 nm

## NUMBER OF SPECTRUM:
1

## ELLIPSOMETRIC CONFIGURATION:
0.00 ø :Modulator
+45.00 øAnalyser

## UNIT:
nm

## SPOT SIZE:



# SPECTRUM:
1

# CAPTION:


# START TIME:
19:07:41

# END TIME:
19:07:41

# THETA ANGLE:
0.00 ø

# INCIDENCE ANGLE:
65.00 ø

# ACCUMULATION NUMBER:
25

# ELLIPSOMETRIC CONFIGURATION:
0.00 ø :Modulator
+45.00 øAnalyser

# INTEGRATION TIME:
9 ms

# FIRST POINT:
997.66 nm

# LAST POINT:
439.96 nm

# INCREMENT:
0.00 nm

# NUMBER OF POINTS:
200

# DATA:
nm Psi Delta Ic Is Reflectance Transmission IcPrim IntegrationTime IntensityMax Polarization PolarizationGen Mueller11 Mueller12 Mueller13 Mueller14 Mueller21 Mueller22 Mueller23 Mueller24 Mueller31 Mueller32 Mueller33 Mueller34 Mueller41 Mueller42 Mueller43 Mueller44 eV 
997.6623 43.763 138.346 -0.70484 0.62697 0.894 0.0000 0.04077 9.0000 3.96 0.9404 0.9414 1.0000 -0.0291 -0.0150 0.0261 -0.0497 0.9332 0.0552 -0.0011 0.0273 0.0478 -0.6641 0.6010 0.0001 0.0049 -0.6111 -0.6985 1.242747 
994.8812 43.529 137.932 -0.70688 0.63800 0.925 0.0000 0.04893 9.0000 4.19 0.9419 0.9428 1.0000 -0.0390 -0.0180 0.0246 -0.0553 0.9271 0.0485 -0.0026 0.0249 0.0489 -0.6579 0.6164 -0.0054 -0.0005 -0.6131 -0.7044 1.246221 
992.4958 43.386 137.651 -0.70829 0.64561 0.948 0.0000 0.05406 9.0000 4.30 0.9436 0.9444 1.0000 -0.0453 -0.0196 0.0233 -0.0587 0.9243 0.0444 -0.0033 0.0231 0.0491 -0.6547 0.6263 -0.0084 -0.0036 -0.6160 -0.7082 1.249216 
990.1091 43.294 137.436 -0.70924 0.65136 0.899 0.0000 0.05740 9.0000 4.47 0.9455 0.9462 1.0000 -0.0494 -0.0201 0.0219 -0.0610 0.9234 0.0420 -0.0035 0.0214 0.0487 -0.6534 0.6331 -0.0098 -0.0051 -0.6197 -0.7108 1.252228 
987.3229 43.326 137.153 -0.70881 0.65744 0.890 0.0000 0.05656 9.0000 4.71 0.9504 0.9511 1.0000 -0.0489 -0.0167 0.0197 -0.0602 0.9300 0.0436 -0.0010 0.0185 0.0455 -0.6559 0.6370 -0.0067 0.0005 -0.6318 -0.7121 1.255761 
984.9332 43.349 137.340 -0.70729 0.65174 0.897 0.0000 0.05550 9.0000 4.89 0.9486 0.9493 1.0000 -0.0472 -0.0157 0.0174 -0.0600 0.9312 0.0469 -0.0047 0.0193 0.0446 -0.6581 0.6299 -0.0078 -0.0077 -0.6288 -0.7078 1.258808 
982.5420 43.409 137.362 -0.70611 0.65016 0.914 0.0000 0.05338 9.0000 4.99 0.9465 0.9471 1.0000 -0.0460 -0.0178 0.0164 -0.0570 0.9290 0.0404 -0.0043 0.0186 0.0438 -0.6606 0.6250 -0.0078 -0.0070 -0.6291 -0.7014 1.261872 
979.7505 43.596 137.354 -0.70413 0.64852 0.894 0.0000 0.04696 9.0000 5.13 0.9480 0.9486 1.0000 -0.0414 -0.0168 0.0173 -0.0495 0.9351 0.0374 -0.0011 0.0182 0.0458 -0.6648 0.6241 -0.0038 -0.0031 -0.6309 -0.6978 1.265467 
977.3562 43.717 137.388 -0.70137 0.64522 0.926 0.0000 0.04271 9.0000 5.34 0.9477 0.9483 1.0000 -0.0380 -0.0157 0.0173 -0.0448 0.9388 0.0351 -0.0054 0.0196 0.0468 -0.6630 0.6203 -0.0039 -0.0047 -0.6307 -0.6968 1.268567 
974.9604 43.709 137.274 -0.69981 0.64635 0.905 0.0000 0.04296 9.0000 5.81 0.9448 0.9453 1.0000 -0.0381 -0.0131 0.0167 -0.0450 0.9331 0.0343 -0.0050 0.0160 0.0425 -0.6592 0.6185 -0.0035 -0.0044 -0.6310 -0.6936 1.271684 
972.1634 43.756 137.096 -0.69926 0.64987 0.924 0.0000 0.04147 9.0000 5.90 0.9478 0.9482 1.0000 -0.0363 -0.0143 0.0201 -0.0441 0.9374 0.0319 -0.0012 0.0139 0.0418 -0.6572 0.6243 -0.0007 0.0017 -0.6347 -0.6975 1.275343 
969.7643 43.735 137.198 -0.69784 0.64625 0.912 0.0000 0.04202 9.0000 6.16 0.9426 0.9430 1.0000 -0.0385 -0.0196 0.0160 -0.0426 0.9300 0.0268 -0.0088 0.0189 0.0396 -0.6553 0.6218 0.0015 0.0025 -0.6255 -0.6915 1.278498 
967.3636 43.723 137.139 -0.69777 0.64752 0.923 0.0000 0.04247 9.0000 6.54 0.9412 0.9416 1.0000 -0.0395 -0.0195 0.0160 -0.0423 0.9263 0.0276 -0.0068 0.0200 0.0401 -0.6537 0.6256 0.0014 0.0047 -0.6217 -0.6904 1.281671 
964.5610 43.754 137.105 -0.69934 0.64975 0.920 0.0000 0.04156 9.0000 6.54 0.9448 0.9453 1.0000 -0.0388 -0.0200 0.0172 -0.0414 0.9314 0.0260 -0.0056 0.0169 0.0385 -0.6564 0.6318 0.0019 0.0089 -0.6231 -0.6943 1.285395 
962.1569 43.696 136.999 -0.70207 0.65472 0.915 0.0000 0.04374 9.0000 6.82 0.9477 0.9481 1.0000 -0.0406 -0.0194 0.0178 -0.0439 0.9319 0.0287 -0.0049 0.0166 0.0369 -0.6579 0.6372 0.0033 0.0130 -0.6277 -0.6984 1.288607 
959.7513 43.756 136.849 -0.70096 0.65712 0.912 0.0000 0.04173 9.0000 7.07 0.9494 0.9499 1.0000 -0.0388 -0.0204 0.0147 -0.0419 0.9348 0.0297 -0.0052 0.0183 0.0382 -0.6593 0.6403 0.0044 0.0166 -0.6311 -0.6970 1.291837 
956.9427 43.632 136.925 -0.70460 0.65878 0.919 0.0000 0.04608 9.0000 7.42 0.9490 0.9495 1.0000 -0.0414 -0.0225 0.0140 -0.0475 0.9300 0.0339 -0.0069 0.0216 0.0410 -0.6634 0.6422 0.0014 0.0115 -0.6292 -0.6964 1.295628 
954.5336 43.608 137.023 -0.70581 0.65764 0.947 0.0000 0.04690 9.0000 7.78 0.9494 0.9500 1.0000 -0.0420 -0.0245 0.0136 -0.0485 0.9308 0.0341 -0.0079 0.0221 0.0395 -0.6662 0.6420 -0.0023 0.0063 -0.6277 -0.6966 1.298898 
952.1228 43.629 137.020 -0.70700 0.65882 0.929 0.0000 0.04628 9.0000 7.86 0.9502 0.9508 1.0000 -0.0410 -0.0257 0.0136 -0.0484 0.9309 0.0327 -0.0065 0.0219 0.0417 -0.6696 0.6419 -0.0060 0.0027 -0.6302 -0.6955 1.302187 
949.3082 43.578 136.873 -0.71009 0.66512 0.911 0.0000 0.04835 9.0000 7.85 0.9537 0.9543 1.0000 -0.0437 -0.0280 0.0157 -0.0496 0.9316 0.0286 -0.0034 0.0217 0.0398 -0.6733 0.6492 -0.0046 0.0047 -0.6355 -0.6983 1.306048 
946.8937 43.504 136.806 -0.71204 0.66852 0.914 0.0000 0.05104 9.0000 8.31 0.9543 0.9548 1.0000 -0.0467 -0.0277 0.0163 -0.0517 0.9288 0.0285 -0.0031 0.0226 0.0392 -0.6740 0.6514 -0.0041 0.0049 -0.6380 -0.6994 1.309378 
944.4776 43.404 136.565 -0.71130 0.67346 0.928 0.0000 0.05463 9.0000 8.38 0.9531 0.9536 1.0000 -0.0512 -0.0275 0.0159 -0.0538 0.9234 0.0268 -0.0032 0.0224 0.0369 -0.6700 0.6544 -0.0027 0.0068 -0.6410 -0.6981 1.312728 
941.6566 43.368 136.401 -0.71146 0.67748 0.933 0.0000 0.05603 9.0000 8.79 0.9559 0.9564 1.0000 -0.0529 -0.0270 0.0171 -0.0551 0.9263 0.0263 0.0008 0.0189 0.0331 -0.6699 0.6604 -0.0006 0.0124 -0.6447 -0.7006 1.316660 
939.2368 43.348 136.324 -0.71070 0.67861 0.927 0.0000 0.05672 9.0000 8.92 0.9572 0.9576 1.0000 -0.0546 -0.0276 0.0175 -0.0548 0.9286 0.0255 0.0006 0.0188 0.0303 -0.6699 0.6627 0.0004 0.0122 -0.6461 -0.7007 1.320052 
936.4113 43.341 136.227 -0.70932 0.67957 0.935 0.0000 0.05696 9.0000 9.36 0.9564 0.9568 1.0000 -0.0539 -0.0249 0.0182 -0.0559 0.9274 0.0262 0.0042 0.0150 0.0271 -0.6692 0.6621 0.0008 0.0121 -0.6477 -0.6980 1.324036 
933.9876 43.381 136.066 -0.70529 0.67951 0.932 0.0000 0.05541 9.0000 9.53 0.9566 0.9569 1.0000 -0.0533 -0.0233 0.0175 -0.0537 0.9307 0.0254 0.0018 0.0129 0.0263 -0.6662 0.6619 0.0012 0.0120 -0.6500 -0.6955 1.327471 
931.5621 43.397 135.859 -0.70285 0.68208 0.912 0.0000 0.05484 9.0000 9.67 0.9577 0.9580 1.0000 -0.0531 -0.0216 0.0159 -0.0529 0.9331 0.0247 0.0004 0.0106 0.0249 -0.6663 0.6653 0.0013 0.0139 -0.6533 -0.6924 1.330928 
928.7301 43.443 135.571 -0.69869 0.68490 0.936 0.0000 0.05323 9.0000 10.22 0.9575 0.9578 1.0000 -0.0517 -0.0211 0.0151 -0.0512 0.9337 0.0225 0.0007 0.0124 0.0276 -0.6631 0.6673 0.0017 0.0134 -0.6571 -0.6880 1.334986 
926.3006 43.487 135.462 -0.69568 0.68456 0.939 0.0000 0.05159 9.0000 10.17 0.9579 0.9582 1.0000 -0.0500 -0.0207 0.0149 -0.0499 0.9371 0.0229 0.0000 0.0126 0.0303 -0.6623 0.6666 -0.0002 0.0099 -0.6594 -0.6853 1.338488 
923.8693 43.533 135.536 -0.69398 0.68112 0.941 0.0000 0.04982 9.0000 10.69 0.9570 0.9573 1.0000 -0.0479 -0.0200 0.0161 -0.0487 0.9387 0.0244 -0.0004 0.0135 0.0309 -0.6622 0.6628 -0.0016 0.0058 -0.6577 -0.6833 1.342010 
921.0304 43.566 135.430 -0.69103 0.68073 0.935 0.0000 0.04860 9.0000 10.77 0.9566 0.9569 1.0000 -0.0476 -0.0192 0.0158 -0.0467 0.9404 0.0238 -0.0038 0.0140 0.0309 -0.6601 0.6628 -0.0031 0.0010 -0.6580 -0.6807 1.346147 
918.5950 43.592 135.330 -0.69013 0.68223 0.933 0.0000 0.04774 9.0000 11.11 0.9569 0.9573 1.0000 -0.0465 -0.0193 0.0164 -0.0461 0.9407 0.0219 -0.0048 0.0162 0.0324 -0.6599 0.6642 -0.0029 0.0009 -0.6599 -0.6794 1.349716 
916.1577 43.623 135.186 -0.68664 0.68219 0.920 0.0000 0.04656 9.0000 10.54 0.9545 0.9549 1.0000 -0.0453 -0.0189 0.0156 -0.0449 0.9382 0.0218 -0.0071 0.0183 0.0353 -0.6563 0.6645 -0.0036 0.0004 -0.6578 -0.6746 1.353306 
913.3118 43.670 135.006 -0.68320 0.68307 0.946 0.0000 0.04490 9.0000 11.62 0.9539 0.9543 1.0000 -0.0436 -0.0189 0.0162 -0.0434 0.9389 0.0217 -0.0081 0.0203 0.0379 -0.6530 0.6667 -0.0024 0.0034 -0.6577 -0.6716 1.357523 
910.8703 43.741 135.030 -0.68225 0.68153 0.938 0.0000 0.04242 9.0000 11.63 0.9543 0.9547 1.0000 -0.0412 -0.0191 0.0165 -0.0412 0.9414 0.0215 -0.0089 0.0204 0.0392 -0.6526 0.6674 -0.0015 0.0053 -0.6557 -0.6720 1.361162 
908.4269 43.790 134.924 -0.67928 0.68108 0.937 0.0000 0.04067 9.0000 11.87 0.9532 0.9536 1.0000 -0.0400 -0.0183 0.0153 -0.0389 0.9417 0.0221 -0.0119 0.0209 0.0387 -0.6497 0.6665 -0.0017 0.0042 -0.6560 -0.6693 1.364823 
905.5737 43.804 134.825 -0.67736 0.68151 0.950 0.0000 0.04013 9.0000 11.99 0.9517 0.9521 1.0000 -0.0390 -0.0182 0.0163 -0.0388 0.9395 0.0229 -0.0117 0.0203 0.0386 -0.6462 0.6674 -0.0019 0.0042 -0.6544 -0.6676 1.369123 
903.1259 43.800 134.657 -0.67533 0.68345 0.952 0.0000 0.04026 9.0000 12.51 0.9510 0.9514 1.0000 -0.0395 -0.0187 0.0159 -0.0385 0.9381 0.0227 -0.0126 0.0204 0.0393 -0.6428 0.6690 -0.0028 0.0040 -0.6556 -0.6660 1.372834 
900.6761 43.808 134.451 -0.67265 0.68566 0.956 0.0000 0.03999 9.0000 12.50 0.9501 0.9506 1.0000 -0.0381 -0.0191 0.0147 -0.0393 0.9367 0.0221 -0.0120 0.0206 0.0400 -0.6395 0.6708 -0.0033 0.0042 -0.6571 -0.6632 1.376568 
897.8156 43.815 134.286 -0.66919 0.68609 0.958 0.0000 0.03968 9.0000 12.78 0.9481 0.9486 1.0000 -0.0367 -0.0195 0.0132 -0.0400 0.9346 0.0239 -0.0113 0.0200 0.0411 -0.6354 0.6688 -0.0041 0.0024 -0.6585 -0.6593 1.380954 
895.3613 43.780 134.317 -0.66964 0.68580 0.947 0.0000 0.04084 9.0000 13.32 0.9483 0.9488 1.0000 -0.0381 -0.0206 0.0133 -0.0409 0.9349 0.0243 -0.0102 0.0197 0.0397 -0.6360 0.6673 -0.0042 0.0008 -0.6596 -0.6597 1.384739 
892.9051 43.712 134.260 -0.67071 0.68825 0.981 0.0000 0.04324 9.0000 13.25 0.9486 0.9491 1.0000 -0.0400 -0.0208 0.0130 -0.0436 0.9330 0.0257 -0.0088 0.0194 0.0390 -0.6364 0.6687 -0.0028 0.0018 -0.6617 -0.6600 1.388548 
890.0368 43.663 134.179 -0.66917 0.68864 0.968 0.0000 0.04486 9.0000 14.04 0.9480 0.9485 1.0000 -0.0410 -0.0224 0.0135 -0.0457 0.9324 0.0273 -0.0078 0.0191 0.0367 -0.6347 0.6685 -0.0023 0.0014 -0.6623 -0.6584 1.393023 
887.5759 43.603 134.089 -0.66909 0.69071 0.974 0.0000 0.04693 9.0000 13.74 0.9476 0.9480 1.0000 -0.0417 -0.0226 0.0142 -0.0488 0.9300 0.0304 -0.0051 0.0198 0.0377 -0.6347 0.6694 -0.0023 0.0019 -0.6637 -0.6566 1.396885 
885.1130 43.590 133.924 -0.66647 0.69199 0.968 0.0000 0.04731 9.0000 14.15 0.9474 0.9479 1.0000 -0.0416 -0.0230 0.0139 -0.0498 0.9305 0.0326 -0.0030 0.0195 0.0380 -0.6334 0.6709 -0.0024 0.0022 -0.6650 -0.6532 1.400772 
882.2369 43.556 133.821 -0.66684 0.69487 0.973 0.0000 0.04858 9.0000 14.35 0.9493 0.9498 1.0000 -0.0429 -0.0241 0.0141 -0.0510 0.9322 0.0329 -0.0019 0.0192 0.0379 -0.6351 0.6743 -0.0012 0.0036 -0.6683 -0.6533 1.405339 
879.7693 43.525 133.797 -0.66720 0.69582 0.961 0.0000 0.04969 9.0000 14.93 0.9512 0.9517 1.0000 -0.0444 -0.0240 0.0140 -0.0518 0.9352 0.0341 -0.0024 0.0185 0.0359 -0.6371 0.6765 -0.0005 0.0034 -0.6700 -0.6540 1.409281 
877.2994 43.493 133.614 -0.66674 0.69980 0.956 0.0000 0.05088 9.0000 15.50 0.9536 0.9541 1.0000 -0.0461 -0.0225 0.0141 -0.0525 0.9376 0.0348 -0.0034 0.0174 0.0345 -0.6378 0.6816 -0.0001 0.0039 -0.6743 -0.6540 1.413248 
874.4153 43.456 133.446 -0.66419 0.70123 0.961 0.0000 0.05210 9.0000 15.48 0.9533 0.9538 1.0000 -0.0471 -0.0229 0.0155 -0.0539 0.9375 0.0368 -0.0043 0.0169 0.0327 -0.6358 0.6841 -0.0009 0.0017 -0.6745 -0.6511 1.417910 
871.9407 43.434 133.322 -0.66254 0.70253 0.961 0.0000 0.05284 9.0000 16.22 0.9534 0.9539 1.0000 -0.0481 -0.0225 0.0168 -0.0543 0.9378 0.0383 -0.0045 0.0168 0.0320 -0.6345 0.6858 -0.0024 -0.0007 -0.6756 -0.6494 1.421934 
869.4639 43.446 133.109 -0.66021 0.70530 0.972 0.0000 0.05246 9.0000 16.63 0.9546 0.9550 1.0000 -0.0478 -0.0211 0.0166 -0.0540 0.9399 0.0381 -0.0049 0.0164 0.0321 -0.6338 0.6894 -0.0026 0.0000 -0.6788 -0.6469 1.425984 
866.5714 43.431 133.063 -0.65889 0.70501 0.965 0.0000 0.05291 9.0000 16.46 0.9544 0.9549 1.0000 -0.0485 -0.0201 0.0173 -0.0541 0.9406 0.0397 -0.0068 0.0167 0.0321 -0.6331 0.6897 -0.0035 -0.0024 -0.6784 -0.6455 1.430744 
864.0897 43.460 132.943 -0.65737 0.70637 0.970 0.0000 0.05191 9.0000 16.85 0.9554 0.9558 1.0000 -0.0482 -0.0183 0.0179 -0.0526 0.9427 0.0397 -0.0071 0.0159 0.0310 -0.6322 0.6910 -0.0038 -0.0038 -0.6813 -0.6449 1.434853 
861.6057 43.502 132.851 -0.65592 0.70707 0.963 0.0000 0.05047 9.0000 17.17 0.9556 0.9561 1.0000 -0.0464 -0.0179 0.0179 -0.0517 0.9438 0.0394 -0.0076 0.0165 0.0323 -0.6317 0.6924 -0.0032 -0.0032 -0.6820 -0.6433 1.438990 
858.7048 43.549 132.731 -0.65226 0.70609 0.970 0.0000 0.04875 9.0000 17.76 0.9544 0.9549 1.0000 -0.0445 -0.0178 0.0201 -0.0502 0.9446 0.0405 -0.0064 0.0176 0.0332 -0.6276 0.6913 -0.0020 -0.0015 -0.6818 -0.6408 1.443851 
856.2158 43.583 132.580 -0.64953 0.70686 0.976 0.0000 0.04752 9.0000 18.31 0.9534 0.9539 1.0000 -0.0431 -0.0173 0.0201 -0.0493 0.9436 0.0420 -0.0056 0.0182 0.0339 -0.6242 0.6916 -0.0011 0.0005 -0.6823 -0.6382 1.448048 
853.7244 43.650 132.461 -0.64645 0.70644 0.988 0.0000 0.04514 9.0000 18.50 0.9528 0.9533 1.0000 -0.0412 -0.0169 0.0198 -0.0466 0.9449 0.0417 -0.0050 0.0180 0.0346 -0.6216 0.6912 -0.0006 0.0017 -0.6828 -0.6357 1.452274 
850.8148 43.692 132.404 -0.64552 0.70683 0.972 0.0000 0.04372 9.0000 18.77 0.9528 0.9533 1.0000 -0.0400 -0.0170 0.0191 -0.0451 0.9453 0.0415 -0.0053 0.0180 0.0349 -0.6207 0.6919 0.0001 0.0025 -0.6832 -0.6351 1.457241 
848.3182 43.702 132.327 -0.64407 0.70716 0.976 0.0000 0.04338 9.0000 19.11 0.9523 0.9528 1.0000 -0.0396 -0.0175 0.0179 -0.0447 0.9450 0.0418 -0.0058 0.0181 0.0338 -0.6196 0.6915 0.0012 0.0043 -0.6840 -0.6332 1.461529 
845.8193 43.717 132.245 -0.64334 0.70838 0.969 0.0000 0.04289 9.0000 19.64 0.9519 0.9525 1.0000 -0.0380 -0.0173 0.0167 -0.0453 0.9439 0.0430 -0.0057 0.0188 0.0353 -0.6195 0.6925 0.0022 0.0061 -0.6845 -0.6311 1.465847 
842.9009 43.717 132.117 -0.64045 0.70839 0.981 0.0000 0.04280 9.0000 20.10 0.9506 0.9512 1.0000 -0.0375 -0.0192 0.0155 -0.0456 0.9431 0.0436 -0.0068 0.0189 0.0344 -0.6173 0.6927 0.0026 0.0061 -0.6838 -0.6272 1.470923 
840.3967 43.673 132.059 -0.63986 0.70917 0.973 0.0000 0.04429 9.0000 20.83 0.9501 0.9507 1.0000 -0.0382 -0.0202 0.0151 -0.0478 0.9418 0.0452 -0.0069 0.0184 0.0344 -0.6168 0.6935 0.0022 0.0054 -0.6836 -0.6256 1.475305 
837.8901 43.640 131.982 -0.63984 0.71106 0.978 0.0000 0.04545 9.0000 20.93 0.9512 0.9518 1.0000 -0.0392 -0.0208 0.0142 -0.0491 0.9427 0.0450 -0.0069 0.0177 0.0339 -0.6182 0.6956 0.0024 0.0052 -0.6858 -0.6248 1.479719 
834.9625 43.550 131.846 -0.64005 0.71471 0.971 0.0000 0.04862 9.0000 21.96 0.9522 0.9527 1.0000 -0.0416 -0.0225 0.0137 -0.0528 0.9417 0.0452 -0.0061 0.0174 0.0338 -0.6193 0.6989 0.0028 0.0047 -0.6889 -0.6235 1.484907 
832.4505 43.520 131.650 -0.63856 0.71796 0.968 0.0000 0.04967 9.0000 21.84 0.9534 0.9539 1.0000 -0.0430 -0.0238 0.0133 -0.0535 0.9428 0.0438 -0.0047 0.0165 0.0327 -0.6189 0.7020 0.0026 0.0043 -0.6928 -0.6217 1.489388 
829.9360 43.463 131.542 -0.63790 0.71995 0.964 0.0000 0.05166 9.0000 22.66 0.9542 0.9548 1.0000 -0.0448 -0.0244 0.0137 -0.0556 0.9434 0.0438 -0.0038 0.0158 0.0324 -0.6195 0.7038 0.0024 0.0031 -0.6954 -0.6202 1.493901 
826.9992 43.361 131.319 -0.63617 0.72366 0.964 0.0000 0.05518 9.0000 23.23 0.9546 0.9551 1.0000 -0.0486 -0.0249 0.0149 -0.0585 0.9423 0.0447 -0.0027 0.0156 0.0309 -0.6172 0.7067 0.0034 0.0042 -0.6989 -0.6184 1.499206 
824.4792 43.310 131.122 -0.63410 0.72632 0.964 0.0000 0.05695 9.0000 23.36 0.9549 0.9554 1.0000 -0.0507 -0.0244 0.0155 -0.0599 0.9423 0.0449 -0.0020 0.0147 0.0301 -0.6154 0.7092 0.0034 0.0038 -0.7015 -0.6162 1.503788 
821.9566 43.271 130.874 -0.63220 0.73050 0.952 0.0000 0.05838 9.0000 24.42 0.9564 0.9569 1.0000 -0.0521 -0.0236 0.0158 -0.0613 0.9433 0.0446 -0.0013 0.0146 0.0305 -0.6135 0.7139 0.0037 0.0045 -0.7057 -0.6151 1.508403 
819.0103 43.252 130.652 -0.63046 0.73423 0.958 0.0000 0.05911 9.0000 25.23 0.9580 0.9585 1.0000 -0.0533 -0.0226 0.0167 -0.0617 0.9449 0.0433 -0.0010 0.0146 0.0310 -0.6121 0.7184 0.0034 0.0042 -0.7096 -0.6141 1.513829 
816.4821 43.237 130.434 -0.62810 0.73711 0.948 0.0000 0.05968 9.0000 25.54 0.9587 0.9593 1.0000 -0.0543 -0.0219 0.0169 -0.0618 0.9458 0.0430 -0.0016 0.0148 0.0314 -0.6097 0.7220 0.0039 0.0054 -0.7123 -0.6125 1.518517 
813.9513 43.256 130.278 -0.62636 0.73915 0.956 0.0000 0.05905 9.0000 26.12 0.9593 0.9599 1.0000 -0.0536 -0.0205 0.0172 -0.0613 0.9466 0.0434 -0.0009 0.0156 0.0330 -0.6082 0.7244 0.0048 0.0074 -0.7145 -0.6111 1.523238 
810.9953 43.300 130.067 -0.62280 0.74046 0.941 0.0000 0.05749 9.0000 26.77 0.9590 0.9595 1.0000 -0.0525 -0.0201 0.0170 -0.0595 0.9473 0.0420 -0.0025 0.0159 0.0339 -0.6043 0.7265 0.0054 0.0083 -0.7154 -0.6086 1.528790 
808.4587 43.341 130.006 -0.62076 0.73965 0.932 0.0000 0.05597 9.0000 26.81 0.9584 0.9589 1.0000 -0.0513 -0.0197 0.0169 -0.0578 0.9481 0.0415 -0.0035 0.0159 0.0336 -0.6024 0.7262 0.0045 0.0067 -0.7147 -0.6069 1.533587 
805.4960 43.401 129.856 -0.61796 0.74023 0.925 0.0000 0.05389 9.0000 28.69 0.9585 0.9590 1.0000 -0.0493 -0.0193 0.0163 -0.0557 0.9496 0.0414 -0.0043 0.0158 0.0346 -0.6008 0.7269 0.0037 0.0065 -0.7162 -0.6040 1.539228 
802.9537 43.443 129.721 -0.61575 0.74112 0.921 0.0000 0.05242 9.0000 28.44 0.9583 0.9588 1.0000 -0.0479 -0.0196 0.0155 -0.0544 0.9501 0.0411 -0.0045 0.0166 0.0355 -0.5987 0.7280 0.0041 0.0083 -0.7172 -0.6021 1.544101 
800.4086 43.505 129.643 -0.61371 0.74072 0.919 0.0000 0.05026 9.0000 28.67 0.9577 0.9582 1.0000 -0.0457 -0.0198 0.0144 -0.0523 0.9506 0.0399 -0.0046 0.0166 0.0354 -0.5970 0.7275 0.0036 0.0086 -0.7173 -0.6000 1.549011 
797.4359 43.541 129.603 -0.61240 0.74019 0.911 0.0000 0.04896 9.0000 29.89 0.9578 0.9583 1.0000 -0.0450 -0.0203 0.0136 -0.0506 0.9521 0.0378 -0.0061 0.0156 0.0336 -0.5961 0.7275 0.0026 0.0082 -0.7175 -0.5994 1.554786 
794.8848 43.536 129.480 -0.61054 0.74118 0.910 0.0000 0.04911 9.0000 30.06 0.9566 0.9570 1.0000 -0.0449 -0.0211 0.0121 -0.0509 0.9500 0.0379 -0.0068 0.0153 0.0319 -0.5935 0.7273 0.0033 0.0104 -0.7179 -0.5970 1.559776 
792.3311 43.538 129.352 -0.60899 0.74267 0.900 0.0000 0.04906 9.0000 30.08 0.9563 0.9568 1.0000 -0.0448 -0.0216 0.0110 -0.0509 0.9493 0.0360 -0.0075 0.0149 0.0308 -0.5922 0.7282 0.0030 0.0108 -0.7195 -0.5949 1.564803 
789.3481 43.519 129.124 -0.60740 0.74675 0.905 0.0000 0.04981 9.0000 31.68 0.9573 0.9577 1.0000 -0.0448 -0.0223 0.0096 -0.0523 0.9491 0.0337 -0.0077 0.0141 0.0302 -0.5907 0.7319 0.0030 0.0118 -0.7236 -0.5932 1.570716 
786.7883 43.472 128.939 -0.60623 0.75027 0.903 0.0000 0.05151 9.0000 31.62 0.9581 0.9585 1.0000 -0.0463 -0.0226 0.0087 -0.0541 0.9487 0.0322 -0.0091 0.0137 0.0290 -0.5900 0.7352 0.0032 0.0117 -0.7269 -0.5914 1.575826 
784.2256 43.423 128.749 -0.60465 0.75340 0.903 0.0000 0.05323 9.0000 32.61 0.9593 0.9597 1.0000 -0.0480 -0.0231 0.0081 -0.0558 0.9497 0.0309 -0.0103 0.0130 0.0278 -0.5892 0.7391 0.0033 0.0115 -0.7298 -0.5897 1.580976 
781.2322 43.363 128.490 -0.60172 0.75673 0.894 0.0000 0.05530 9.0000 33.39 0.9602 0.9605 1.0000 -0.0501 -0.0233 0.0085 -0.0577 0.9506 0.0292 -0.0109 0.0131 0.0279 -0.5867 0.7434 0.0035 0.0105 -0.7326 -0.5870 1.587034 
778.6634 43.302 128.252 -0.60013 0.76122 0.889 0.0000 0.05753 9.0000 33.62 0.9618 0.9621 1.0000 -0.0528 -0.0230 0.0087 -0.0594 0.9513 0.0260 -0.0123 0.0126 0.0277 -0.5858 0.7490 0.0029 0.0086 -0.7363 -0.5852 1.592269 
776.0917 43.254 127.975 -0.59679 0.76453 0.889 0.0000 0.05919 9.0000 34.37 0.9627 0.9630 1.0000 -0.0545 -0.0226 0.0094 -0.0610 0.9526 0.0248 -0.0138 0.0130 0.0292 -0.5837 0.7532 0.0022 0.0067 -0.7396 -0.5816 1.597546 
773.0877 43.227 127.642 -0.59233 0.76800 0.876 0.0000 0.06009 9.0000 35.34 0.9637 0.9641 1.0000 -0.0555 -0.0215 0.0101 -0.0620 0.9546 0.0236 -0.0154 0.0139 0.0320 -0.5809 0.7582 0.0015 0.0050 -0.7430 -0.5769 1.603753 
770.5097 43.216 127.470 -0.59056 0.77046 0.870 0.0000 0.06052 9.0000 35.60 0.9654 0.9658 1.0000 -0.0565 -0.0206 0.0110 -0.0619 0.9572 0.0211 -0.0161 0.0142 0.0334 -0.5801 0.7620 0.0008 0.0027 -0.7460 -0.5758 1.609119 
767.9287 43.220 127.264 -0.58718 0.77179 0.863 0.0000 0.06033 9.0000 37.63 0.9658 0.9662 1.0000 -0.0569 -0.0198 0.0119 -0.0613 0.9590 0.0202 -0.0169 0.0146 0.0350 -0.5773 0.7643 0.0003 0.0013 -0.7476 -0.5730 1.614527 
764.9139 43.248 127.043 -0.58470 0.77472 0.851 0.0000 0.05942 9.0000 37.39 0.9673 0.9677 1.0000 -0.0565 -0.0192 0.0117 -0.0600 0.9613 0.0185 -0.0174 0.0153 0.0376 -0.5754 0.7682 0.0003 0.0017 -0.7512 -0.5714 1.620891 
762.3265 43.267 126.886 -0.58211 0.77571 0.846 0.0000 0.05874 9.0000 37.88 0.9664 0.9668 1.0000 -0.0560 -0.0193 0.0117 -0.0592 0.9603 0.0199 -0.0160 0.0162 0.0394 -0.5726 0.7680 0.0006 0.0025 -0.7526 -0.5685 1.626392 
759.7362 43.300 126.749 -0.57944 0.77597 0.847 0.0000 0.05754 9.0000 39.35 0.9654 0.9658 1.0000 -0.0548 -0.0201 0.0114 -0.0580 0.9597 0.0206 -0.0148 0.0169 0.0407 -0.5696 0.7673 0.0006 0.0033 -0.7534 -0.5659 1.631937 
756.7104 43.347 126.620 -0.57748 0.77701 0.847 0.0000 0.05594 9.0000 40.00 0.9656 0.9661 1.0000 -0.0530 -0.0207 0.0099 -0.0566 0.9605 0.0212 -0.0131 0.0171 0.0418 -0.5676 0.7680 0.0006 0.0040 -0.7554 -0.5646 1.638463 
754.1135 43.373 126.546 -0.57617 0.77733 0.851 0.0000 0.05503 9.0000 41.03 0.9650 0.9655 1.0000 -0.0520 -0.0220 0.0085 -0.0558 0.9598 0.0219 -0.0124 0.0177 0.0419 -0.5661 0.7674 0.0004 0.0043 -0.7560 -0.5631 1.644105 
751.5136 43.391 126.414 -0.57435 0.77862 0.843 0.0000 0.05440 9.0000 41.85 0.9651 0.9656 1.0000 -0.0511 -0.0231 0.0072 -0.0555 0.9601 0.0227 -0.0109 0.0177 0.0413 -0.5642 0.7687 0.0007 0.0058 -0.7576 -0.5616 1.649793 
748.4765 43.387 126.278 -0.57247 0.77995 0.844 0.0000 0.05452 9.0000 42.96 0.9648 0.9653 1.0000 -0.0508 -0.0242 0.0061 -0.0560 0.9595 0.0227 -0.0100 0.0175 0.0406 -0.5618 0.7696 0.0006 0.0053 -0.7587 -0.5600 1.656487 
745.8699 43.355 126.128 -0.57163 0.78309 0.842 0.0000 0.05574 9.0000 43.60 0.9657 0.9661 1.0000 -0.0520 -0.0245 0.0051 -0.0572 0.9593 0.0213 -0.0100 0.0168 0.0394 -0.5609 0.7726 0.0003 0.0049 -0.7617 -0.5591 1.662276 
743.2603 43.326 125.894 -0.56945 0.78682 0.836 0.0000 0.05684 9.0000 45.63 0.9667 0.9671 1.0000 -0.0528 -0.0246 0.0047 -0.0586 0.9595 0.0205 -0.0095 0.0163 0.0390 -0.5590 0.7765 0.0006 0.0057 -0.7653 -0.5568 1.668113 
740.2117 43.284 125.638 -0.56674 0.79049 0.839 0.0000 0.05834 9.0000 44.72 0.9679 0.9683 1.0000 -0.0543 -0.0241 0.0048 -0.0601 0.9606 0.0189 -0.0100 0.0157 0.0378 -0.5570 0.7810 0.0003 0.0045 -0.7688 -0.5541 1.674983 
737.5953 43.241 125.436 -0.56409 0.79271 0.822 0.0000 0.05981 9.0000 47.04 0.9690 0.9693 1.0000 -0.0560 -0.0234 0.0058 -0.0614 0.9623 0.0172 -0.0113 0.0147 0.0369 -0.5552 0.7844 -0.0001 0.0021 -0.7712 -0.5517 1.680924 
734.9758 43.197 125.175 -0.56079 0.79572 0.821 0.0000 0.06136 9.0000 47.32 0.9703 0.9707 1.0000 -0.0580 -0.0220 0.0071 -0.0625 0.9645 0.0166 -0.0121 0.0146 0.0367 -0.5527 0.7888 0.0005 0.0021 -0.7744 -0.5489 1.686915 
731.9156 43.180 124.865 -0.55663 0.79894 0.813 0.0000 0.06194 9.0000 48.17 0.9715 0.9719 1.0000 -0.0588 -0.0207 0.0079 -0.0630 0.9666 0.0151 -0.0132 0.0149 0.0383 -0.5498 0.7934 0.0014 0.0028 -0.7779 -0.5449 1.693968 
729.2891 43.164 124.657 -0.55348 0.80063 0.810 0.0000 0.06245 9.0000 48.89 0.9720 0.9724 1.0000 -0.0600 -0.0195 0.0088 -0.0629 0.9680 0.0142 -0.0138 0.0148 0.0387 -0.5476 0.7956 0.0013 0.0019 -0.7800 -0.5417 1.700069 
726.6595 43.167 124.448 -0.55084 0.80303 0.804 0.0000 0.06238 9.0000 49.32 0.9732 0.9735 1.0000 -0.0605 -0.0187 0.0090 -0.0624 0.9700 0.0129 -0.0142 0.0149 0.0401 -0.5458 0.7990 0.0020 0.0031 -0.7830 -0.5394 1.706221 
723.5875 43.194 124.242 -0.54791 0.80496 0.806 0.0000 0.06146 9.0000 50.62 0.9743 0.9747 1.0000 -0.0599 -0.0182 0.0082 -0.0614 0.9724 0.0117 -0.0142 0.0151 0.0418 -0.5436 0.8020 0.0027 0.0046 -0.7857 -0.5371 1.713465 
720.9507 43.214 124.134 -0.54582 0.80513 0.800 0.0000 0.06071 9.0000 51.96 0.9741 0.9745 1.0000 -0.0594 -0.0184 0.0077 -0.0604 0.9730 0.0120 -0.0139 0.0154 0.0425 -0.5417 0.8023 0.0029 0.0048 -0.7862 -0.5352 1.719732 
718.3109 43.233 123.998 -0.54351 0.80585 0.793 0.0000 0.06003 9.0000 52.76 0.9737 0.9741 1.0000 -0.0584 -0.0190 0.0068 -0.0600 0.9729 0.0133 -0.0130 0.0157 0.0433 -0.5394 0.8029 0.0033 0.0062 -0.7870 -0.5329 1.726052 
715.2268 43.255 123.848 -0.54101 0.80668 0.796 0.0000 0.05923 9.0000 52.74 0.9731 0.9735 1.0000 -0.0570 -0.0199 0.0054 -0.0598 0.9725 0.0148 -0.0111 0.0159 0.0435 -0.5368 0.8033 0.0038 0.0077 -0.7879 -0.5303 1.733495 
712.5797 43.249 123.740 -0.53978 0.80814 0.794 0.0000 0.05947 9.0000 52.96 0.9727 0.9731 1.0000 -0.0570 -0.0208 0.0041 -0.0603 0.9710 0.0157 -0.0090 0.0157 0.0423 -0.5349 0.8041 0.0039 0.0085 -0.7888 -0.5291 1.739934 
709.9294 43.247 123.569 -0.53839 0.81128 0.789 0.0000 0.05966 9.0000 53.96 0.9737 0.9741 1.0000 -0.0571 -0.0213 0.0027 -0.0605 0.9713 0.0156 -0.0071 0.0151 0.0417 -0.5333 0.8077 0.0040 0.0099 -0.7916 -0.5280 1.746430 
706.8331 43.227 123.354 -0.53607 0.81443 0.784 0.0000 0.06043 9.0000 53.33 0.9746 0.9749 1.0000 -0.0578 -0.0219 0.0020 -0.0614 0.9717 0.0158 -0.0055 0.0145 0.0401 -0.5309 0.8112 0.0042 0.0105 -0.7946 -0.5260 1.754080 
704.1754 43.203 123.156 -0.53322 0.81619 0.781 0.0000 0.06123 9.0000 54.82 0.9748 0.9751 1.0000 -0.0585 -0.0218 0.0023 -0.0622 0.9721 0.0163 -0.0049 0.0140 0.0387 -0.5282 0.8133 0.0042 0.0099 -0.7962 -0.5233 1.760700 
701.5145 43.180 122.929 -0.52977 0.81800 0.781 0.0000 0.06198 9.0000 55.56 0.9753 0.9756 1.0000 -0.0592 -0.0215 0.0032 -0.0631 0.9734 0.0167 -0.0040 0.0136 0.0379 -0.5250 0.8161 0.0043 0.0090 -0.7981 -0.5204 1.767379 
698.4057 43.164 122.640 -0.52594 0.82112 0.775 0.0000 0.06257 9.0000 56.27 0.9767 0.9770 1.0000 -0.0602 -0.0204 0.0038 -0.0634 0.9757 0.0158 -0.0048 0.0132 0.0375 -0.5220 0.8210 0.0041 0.0082 -0.8013 -0.5171 1.775246 
695.7374 43.158 122.412 -0.52261 0.82312 0.773 0.0000 0.06278 9.0000 57.38 0.9776 0.9779 1.0000 -0.0612 -0.0192 0.0047 -0.0630 0.9777 0.0148 -0.0058 0.0127 0.0371 -0.5196 0.8239 0.0040 0.0074 -0.8040 -0.5140 1.782054 
693.0656 43.157 122.219 -0.51995 0.82506 0.768 0.0000 0.06282 9.0000 55.94 0.9787 0.9790 1.0000 -0.0618 -0.0181 0.0055 -0.0626 0.9797 0.0133 -0.0071 0.0124 0.0376 -0.5177 0.8267 0.0040 0.0063 -0.8067 -0.5116 1.788924 
689.9442 43.178 121.967 -0.51615 0.82707 0.766 0.0000 0.06210 9.0000 56.47 0.9797 0.9800 1.0000 -0.0614 -0.0169 0.0056 -0.0617 0.9821 0.0120 -0.0086 0.0122 0.0386 -0.5147 0.8299 0.0044 0.0069 -0.8095 -0.5083 1.797018 
687.2649 43.192 121.797 -0.51269 0.82698 0.762 0.0000 0.06149 9.0000 57.39 0.9793 0.9796 1.0000 -0.0608 -0.0165 0.0058 -0.0611 0.9831 0.0121 -0.0103 0.0124 0.0394 -0.5119 0.8300 0.0041 0.0058 -0.8100 -0.5048 1.804023 
684.5822 43.207 121.629 -0.51010 0.82820 0.756 0.0000 0.06097 9.0000 57.83 0.9792 0.9795 1.0000 -0.0599 -0.0157 0.0053 -0.0610 0.9834 0.0118 -0.0116 0.0123 0.0399 -0.5098 0.8310 0.0041 0.0061 -0.8117 -0.5020 1.811093 
681.4479 43.222 121.435 -0.50696 0.82938 0.757 0.0000 0.06039 9.0000 58.11 0.9790 0.9793 1.0000 -0.0587 -0.0153 0.0046 -0.0611 0.9835 0.0124 -0.0120 0.0123 0.0406 -0.5067 0.8319 0.0045 0.0075 -0.8132 -0.4989 1.819423 
678.7576 43.217 121.276 -0.50502 0.83138 0.755 0.0000 0.06063 9.0000 57.89 0.9791 0.9794 1.0000 -0.0586 -0.0149 0.0036 -0.0616 0.9831 0.0121 -0.0124 0.0120 0.0400 -0.5046 0.8338 0.0046 0.0086 -0.8149 -0.4969 1.826634 
676.0637 43.201 121.088 -0.50300 0.83423 0.757 0.0000 0.06125 9.0000 58.42 0.9797 0.9800 1.0000 -0.0589 -0.0142 0.0023 -0.0625 0.9830 0.0113 -0.0127 0.0116 0.0395 -0.5024 0.8367 0.0047 0.0101 -0.8175 -0.4951 1.833913 
672.9164 43.169 120.834 -0.50002 0.83765 0.748 0.0000 0.06242 9.0000 60.28 0.9804 0.9806 1.0000 -0.0598 -0.0136 0.0016 -0.0640 0.9828 0.0109 -0.0128 0.0112 0.0388 -0.4994 0.8403 0.0049 0.0116 -0.8205 -0.4920 1.842490 
670.2148 43.132 120.594 -0.49640 0.83957 0.743 0.0000 0.06369 9.0000 59.64 0.9801 0.9803 1.0000 -0.0608 -0.0131 0.0020 -0.0655 0.9823 0.0120 -0.0125 0.0110 0.0377 -0.4958 0.8425 0.0051 0.0124 -0.8218 -0.4882 1.849917 
667.0584 43.100 120.296 -0.49217 0.84237 0.736 0.0000 0.06480 9.0000 59.10 0.9809 0.9812 1.0000 -0.0619 -0.0123 0.0023 -0.0666 0.9837 0.0120 -0.0122 0.0106 0.0370 -0.4921 0.8467 0.0053 0.0129 -0.8243 -0.4842 1.858671 
664.3491 43.083 120.047 -0.48857 0.84464 0.738 0.0000 0.06540 9.0000 59.26 0.9818 0.9821 1.0000 -0.0631 -0.0114 0.0027 -0.0668 0.9853 0.0119 -0.0128 0.0103 0.0365 -0.4891 0.8502 0.0052 0.0132 -0.8267 -0.4809 1.866251 
661.6360 43.070 119.804 -0.48474 0.84626 0.740 0.0000 0.06581 9.0000 59.60 0.9822 0.9824 1.0000 -0.0640 -0.0109 0.0034 -0.0667 0.9865 0.0121 -0.0130 0.0103 0.0366 -0.4858 0.8525 0.0056 0.0138 -0.8286 -0.4772 1.873903 
658.4662 43.070 119.547 -0.48043 0.84752 0.739 0.0000 0.06572 9.0000 58.71 0.9824 0.9826 1.0000 -0.0642 -0.0104 0.0036 -0.0664 0.9879 0.0120 -0.0134 0.0102 0.0366 -0.4822 0.8546 0.0056 0.0131 -0.8301 -0.4728 1.882924 
655.7453 43.086 119.340 -0.47718 0.84893 0.734 0.0000 0.06515 9.0000 57.89 0.9829 0.9832 1.0000 -0.0639 -0.0103 0.0034 -0.0657 0.9894 0.0115 -0.0137 0.0102 0.0373 -0.4794 0.8566 0.0058 0.0136 -0.8322 -0.4699 1.890737 
653.0207 43.093 119.146 -0.47402 0.85005 0.729 0.0000 0.06488 9.0000 59.11 0.9828 0.9831 1.0000 -0.0634 -0.0104 0.0031 -0.0657 0.9899 0.0115 -0.0135 0.0102 0.0374 -0.4765 0.8577 0.0060 0.0136 -0.8338 -0.4667 1.898626 
649.8373 43.096 118.929 -0.47062 0.85150 0.724 0.0000 0.06475 9.0000 56.85 0.9828 0.9831 1.0000 -0.0630 -0.0104 0.0024 -0.0659 0.9902 0.0117 -0.0132 0.0100 0.0373 -0.4733 0.8588 0.0060 0.0136 -0.8358 -0.4633 1.907927 
647.1047 43.089 118.732 -0.46803 0.85373 0.715 0.0000 0.06505 9.0000 57.62 0.9831 0.9834 1.0000 -0.0629 -0.0104 0.0016 -0.0665 0.9901 0.0117 -0.0125 0.0098 0.0371 -0.4706 0.8608 0.0064 0.0145 -0.8382 -0.4608 1.915984 
644.3683 43.064 118.514 -0.46502 0.85595 0.713 0.0000 0.06593 9.0000 56.22 0.9832 0.9835 1.0000 -0.0637 -0.0104 0.0010 -0.0675 0.9897 0.0114 -0.0120 0.0095 0.0363 -0.4676 0.8629 0.0066 0.0149 -0.8402 -0.4576 1.924120 
641.1711 43.021 118.252 -0.46154 0.85891 0.706 0.0000 0.06746 9.0000 56.98 0.9832 0.9835 1.0000 -0.0652 -0.0101 0.0004 -0.0689 0.9888 0.0113 -0.0117 0.0090 0.0356 -0.4639 0.8655 0.0068 0.0153 -0.8427 -0.4540 1.933715 
638.4266 42.991 118.001 -0.45818 0.86166 0.705 0.0000 0.06855 9.0000 57.48 0.9836 0.9839 1.0000 -0.0665 -0.0098 0.0002 -0.0698 0.9886 0.0111 -0.0113 0.0089 0.0350 -0.4605 0.8683 0.0073 0.0163 -0.8452 -0.4506 1.942027 
635.6782 42.962 117.747 -0.45470 0.86433 0.703 0.0000 0.06960 9.0000 58.10 0.9838 0.9840 1.0000 -0.0680 -0.0092 0.0003 -0.0703 0.9881 0.0113 -0.0112 0.0086 0.0345 -0.4571 0.8711 0.0076 0.0166 -0.8472 -0.4469 1.950424 
632.4670 42.948 117.456 -0.45039 0.86682 0.705 0.0000 0.07009 9.0000 57.79 0.9842 0.9844 1.0000 -0.0690 -0.0088 0.0001 -0.0703 0.9886 0.0112 -0.0111 0.0085 0.0346 -0.4530 0.8740 0.0079 0.0172 -0.8497 -0.4426 1.960327 
629.7104 42.948 117.239 -0.44712 0.86854 0.700 0.0000 0.07008 9.0000 56.30 0.9843 0.9846 1.0000 -0.0694 -0.0085 -0.0002 -0.0700 0.9890 0.0110 -0.0112 0.0082 0.0346 -0.4501 0.8758 0.0079 0.0170 -0.8517 -0.4392 1.968908 
626.9500 42.957 117.019 -0.44380 0.87029 0.697 0.0000 0.06979 9.0000 56.58 0.9846 0.9848 1.0000 -0.0693 -0.0084 -0.0007 -0.0695 0.9894 0.0109 -0.0116 0.0082 0.0348 -0.4470 0.8777 0.0081 0.0168 -0.8536 -0.4359 1.977577 
623.7246 42.972 116.763 -0.43988 0.87221 0.696 0.0000 0.06927 9.0000 56.73 0.9848 0.9850 1.0000 -0.0687 -0.0085 -0.0017 -0.0691 0.9899 0.0107 -0.0113 0.0080 0.0347 -0.4432 0.8798 0.0080 0.0165 -0.8558 -0.4321 1.987803 
620.9557 42.981 116.562 -0.43703 0.87418 0.697 0.0000 0.06900 9.0000 55.95 0.9850 0.9853 1.0000 -0.0683 -0.0086 -0.0025 -0.0690 0.9900 0.0105 -0.0108 0.0079 0.0346 -0.4402 0.8814 0.0081 0.0167 -0.8583 -0.4294 1.996667 
618.1830 42.980 116.340 -0.43368 0.87595 0.696 0.0000 0.06905 9.0000 54.45 0.9852 0.9854 1.0000 -0.0682 -0.0087 -0.0032 -0.0692 0.9902 0.0104 -0.0104 0.0077 0.0340 -0.4369 0.8831 0.0082 0.0168 -0.8603 -0.4262 2.005623 
614.9432 42.963 116.059 -0.42960 0.87849 0.692 0.0000 0.06964 9.0000 54.88 0.9855 0.9857 1.0000 -0.0687 -0.0085 -0.0039 -0.0699 0.9903 0.0105 -0.0099 0.0076 0.0332 -0.4328 0.8855 0.0084 0.0175 -0.8630 -0.4223 2.016189 
612.1619 42.942 115.802 -0.42570 0.88052 0.686 0.0000 0.07038 9.0000 54.49 0.9855 0.9857 1.0000 -0.0694 -0.0082 -0.0041 -0.0706 0.9901 0.0108 -0.0097 0.0071 0.0323 -0.4290 0.8872 0.0086 0.0177 -0.8651 -0.4182 2.025350 
609.3767 42.918 115.539 -0.42173 0.88262 0.685 0.0000 0.07122 9.0000 54.91 0.9858 0.9861 1.0000 -0.0705 -0.0079 -0.0041 -0.0712 0.9906 0.0108 -0.0100 0.0070 0.0318 -0.4254 0.8896 0.0089 0.0183 -0.8674 -0.4141 2.034607 
606.1223 42.892 115.232 -0.41712 0.88512 0.683 0.0000 0.07212 9.0000 55.11 0.9861 0.9864 1.0000 -0.0716 -0.0074 -0.0041 -0.0720 0.9909 0.0111 -0.0098 0.0067 0.0316 -0.4211 0.8920 0.0091 0.0188 -0.8701 -0.4094 2.045531 
603.3284 42.882 114.975 -0.41338 0.88750 0.672 0.0000 0.07252 9.0000 55.36 0.9863 0.9866 1.0000 -0.0722 -0.0069 -0.0043 -0.0722 0.9907 0.0113 -0.0099 0.0066 0.0315 -0.4175 0.8940 0.0094 0.0195 -0.8727 -0.4054 2.055003 
600.5306 42.873 114.719 -0.40959 0.88975 0.674 0.0000 0.07288 9.0000 52.77 0.9867 0.9869 1.0000 -0.0727 -0.0065 -0.0044 -0.0724 0.9909 0.0116 -0.0097 0.0065 0.0312 -0.4139 0.8961 0.0096 0.0199 -0.8754 -0.4016 2.064577 
597.2613 42.867 114.434 -0.40525 0.89196 0.668 0.0000 0.07308 9.0000 52.71 0.9871 0.9873 1.0000 -0.0728 -0.0061 -0.0049 -0.0727 0.9914 0.0119 -0.0095 0.0062 0.0308 -0.4098 0.8982 0.0097 0.0206 -0.8781 -0.3972 2.075879 
594.4547 42.862 114.190 -0.40158 0.89395 0.670 0.0000 0.07328 9.0000 53.17 0.9874 0.9876 1.0000 -0.0729 -0.0058 -0.0052 -0.0731 0.9919 0.0120 -0.0091 0.0060 0.0301 -0.4063 0.9001 0.0097 0.0211 -0.8805 -0.3935 2.085679 
591.6440 42.850 113.940 -0.39790 0.89624 0.661 0.0000 0.07372 9.0000 51.04 0.9878 0.9880 1.0000 -0.0731 -0.0054 -0.0057 -0.0738 0.9919 0.0123 -0.0085 0.0058 0.0292 -0.4028 0.9022 0.0097 0.0220 -0.8831 -0.3898 2.095588 
588.3597 42.835 113.633 -0.39324 0.89867 0.664 0.0000 0.07426 9.0000 51.00 0.9884 0.9886 1.0000 -0.0735 -0.0050 -0.0060 -0.0745 0.9928 0.0122 -0.0073 0.0055 0.0285 -0.3984 0.9047 0.0096 0.0230 -0.8862 -0.3853 2.107286 
585.5402 42.813 113.368 -0.38931 0.90102 0.661 0.0000 0.07508 9.0000 51.61 0.9888 0.9890 1.0000 -0.0743 -0.0047 -0.0063 -0.0753 0.9929 0.0120 -0.0064 0.0054 0.0276 -0.3946 0.9067 0.0094 0.0239 -0.8890 -0.3813 2.117433 
582.7166 42.792 113.104 -0.38531 0.90318 0.662 0.0000 0.07581 9.0000 50.45 0.9894 0.9896 1.0000 -0.0753 -0.0043 -0.0065 -0.0759 0.9938 0.0118 -0.0056 0.0052 0.0271 -0.3907 0.9090 0.0094 0.0246 -0.8918 -0.3775 2.127693 
579.4171 42.763 112.793 -0.38065 0.90583 0.656 0.0000 0.07689 9.0000 50.03 0.9898 0.9900 1.0000 -0.0766 -0.0040 -0.0067 -0.0767 0.9939 0.0117 -0.0049 0.0052 0.0264 -0.3862 0.9115 0.0093 0.0255 -0.8946 -0.3727 2.139809 
576.5844 42.747 112.529 -0.37646 0.90754 0.656 0.0000 0.07744 9.0000 50.69 0.9903 0.9905 1.0000 -0.0774 -0.0037 -0.0067 -0.0771 0.9949 0.0116 -0.0042 0.0050 0.0259 -0.3825 0.9134 0.0091 0.0261 -0.8971 -0.3685 2.150322 
573.7476 42.730 112.275 -0.37256 0.90955 0.662 0.0000 0.07806 9.0000 48.78 0.9905 0.9907 1.0000 -0.0782 -0.0035 -0.0069 -0.0775 0.9949 0.0112 -0.0037 0.0049 0.0255 -0.3787 0.9153 0.0090 0.0268 -0.8991 -0.3645 2.160953 
570.4327 42.719 111.964 -0.36777 0.91192 0.654 0.0000 0.07846 9.0000 48.42 0.9909 0.9912 1.0000 -0.0787 -0.0033 -0.0071 -0.0779 0.9953 0.0108 -0.0029 0.0049 0.0252 -0.3741 0.9175 0.0087 0.0275 -0.9021 -0.3597 2.173511 
567.5867 42.716 111.707 -0.36387 0.91405 0.655 0.0000 0.07861 9.0000 47.48 0.9913 0.9916 1.0000 -0.0791 -0.0030 -0.0074 -0.0778 0.9956 0.0103 -0.0026 0.0049 0.0253 -0.3705 0.9194 0.0085 0.0281 -0.9047 -0.3556 2.184410 
564.7366 42.706 111.442 -0.35973 0.91597 0.652 0.0000 0.07896 9.0000 47.86 0.9917 0.9919 1.0000 -0.0795 -0.0028 -0.0074 -0.0781 0.9961 0.0104 -0.0021 0.0048 0.0249 -0.3665 0.9212 0.0083 0.0285 -0.9072 -0.3515 2.195434 
561.4060 42.695 111.128 -0.35476 0.91803 0.646 0.0000 0.07936 9.0000 47.32 0.9921 0.9923 1.0000 -0.0801 -0.0027 -0.0077 -0.0784 0.9967 0.0101 -0.0017 0.0046 0.0250 -0.3618 0.9228 0.0080 0.0290 -0.9102 -0.3466 2.208459 
558.5466 42.689 110.840 -0.35019 0.91996 0.644 0.0000 0.07958 9.0000 46.07 0.9925 0.9927 1.0000 -0.0803 -0.0025 -0.0078 -0.0786 0.9972 0.0096 -0.0016 0.0045 0.0248 -0.3575 0.9246 0.0077 0.0291 -0.9128 -0.3420 2.219765 
555.6830 42.680 110.557 -0.34577 0.92202 0.642 0.0000 0.07991 9.0000 44.80 0.9931 0.9933 1.0000 -0.0808 -0.0021 -0.0080 -0.0789 0.9982 0.0095 -0.0017 0.0042 0.0248 -0.3533 0.9264 0.0076 0.0295 -0.9159 -0.3376 2.231204 
552.3365 42.678 110.197 -0.33990 0.92396 0.639 0.0000 0.07997 9.0000 43.32 0.9937 0.9939 1.0000 -0.0809 -0.0019 -0.0078 -0.0790 0.9996 0.0091 -0.0021 0.0039 0.0247 -0.3479 0.9283 0.0073 0.0289 -0.9192 -0.3317 2.244722 
549.4636 42.668 109.889 -0.33503 0.92607 0.638 0.0000 0.08033 9.0000 42.96 0.9944 0.9946 1.0000 -0.0814 -0.0016 -0.0079 -0.0793 1.0006 0.0088 -0.0027 0.0036 0.0247 -0.3434 0.9302 0.0071 0.0290 -0.9225 -0.3268 2.256459 
546.5862 42.663 109.575 -0.32993 0.92783 0.637 0.0000 0.08051 9.0000 41.17 0.9949 0.9951 1.0000 -0.0817 -0.0015 -0.0080 -0.0795 1.0018 0.0087 -0.0030 0.0031 0.0247 -0.3388 0.9315 0.0069 0.0286 -0.9258 -0.3217 2.268337 
543.2238 42.647 109.208 -0.32400 0.92998 0.634 0.0000 0.08107 9.0000 39.11 0.9954 0.9956 1.0000 -0.0822 -0.0014 -0.0083 -0.0802 1.0027 0.0087 -0.0034 0.0027 0.0244 -0.3334 0.9331 0.0067 0.0284 -0.9294 -0.3155 2.282378 
540.3370 42.633 108.894 -0.31890 0.93175 0.629 0.0000 0.08155 9.0000 36.80 0.9961 0.9963 1.0000 -0.0825 -0.0013 -0.0088 -0.0810 1.0039 0.0085 -0.0034 0.0022 0.0240 -0.3288 0.9346 0.0067 0.0284 -0.9325 -0.3103 2.294572 
537.4457 42.611 108.586 -0.31402 0.93386 0.627 0.0000 0.08234 9.0000 35.11 0.9965 0.9967 1.0000 -0.0830 -0.0011 -0.0092 -0.0820 1.0042 0.0082 -0.0035 0.0019 0.0233 -0.3242 0.9364 0.0066 0.0285 -0.9353 -0.3051 2.306916 
534.0671 42.587 108.215 -0.30805 0.93609 0.627 0.0000 0.08320 9.0000 33.20 0.9970 0.9972 1.0000 -0.0839 -0.0008 -0.0097 -0.0829 1.0050 0.0079 -0.0035 0.0014 0.0221 -0.3189 0.9386 0.0066 0.0286 -0.9383 -0.2987 2.321510 
531.1663 42.561 107.912 -0.30315 0.93788 0.625 0.0000 0.08411 9.0000 31.55 0.9974 0.9975 1.0000 -0.0849 -0.0007 -0.0101 -0.0838 1.0054 0.0074 -0.0030 0.0010 0.0212 -0.3148 0.9405 0.0066 0.0290 -0.9404 -0.2932 2.334188 
528.2610 42.531 107.600 -0.29808 0.93965 0.629 0.0000 0.08516 9.0000 29.02 0.9974 0.9976 1.0000 -0.0858 -0.0007 -0.0104 -0.0849 1.0053 0.0070 -0.0025 0.0007 0.0203 -0.3104 0.9420 0.0066 0.0292 -0.9422 -0.2874 2.347025 
524.8660 42.497 107.251 -0.29260 0.94229 0.632 0.0000 0.08642 9.0000 28.20 0.9974 0.9976 1.0000 -0.0872 -0.0007 -0.0110 -0.0860 1.0042 0.0061 -0.0016 0.0001 0.0194 -0.3055 0.9441 0.0067 0.0302 -0.9444 -0.2809 2.362206 
521.9510 42.473 106.960 -0.28809 0.94468 0.622 0.0000 0.08735 9.0000 25.91 0.9975 0.9977 1.0000 -0.0883 -0.0009 -0.0116 -0.0867 1.0035 0.0051 -0.0009 -0.0001 0.0187 -0.3017 0.9463 0.0069 0.0309 -0.9464 -0.2755 2.375399 
518.5446 42.450 106.610 -0.28275 0.94786 0.613 0.0000 0.08827 9.0000 23.87 0.9977 0.9978 1.0000 -0.0894 -0.0012 -0.0123 -0.0873 1.0021 0.0038 0.0003 -0.0005 0.0170 -0.2967 0.9491 0.0070 0.0314 -0.9486 -0.2694 2.391003 
515.6198 42.431 106.294 -0.27778 0.95030 0.614 0.0000 0.08903 9.0000 22.49 0.9977 0.9979 1.0000 -0.0901 -0.0014 -0.0127 -0.0881 1.0013 0.0028 0.0015 -0.0009 0.0160 -0.2923 0.9517 0.0070 0.0317 -0.9501 -0.2636 2.404566 
512.6906 42.407 105.964 -0.27245 0.95240 0.621 0.0000 0.08992 9.0000 20.47 0.9980 0.9982 1.0000 -0.0909 -0.0016 -0.0126 -0.0891 1.0012 0.0023 0.0029 -0.0014 0.0151 -0.2875 0.9541 0.0072 0.0321 -0.9518 -0.2577 2.418304 
509.2673 42.390 105.557 -0.26569 0.95440 0.617 0.0000 0.09050 9.0000 20.59 0.9980 0.9982 1.0000 -0.0915 -0.0018 -0.0125 -0.0896 1.0011 0.0012 0.0040 -0.0018 0.0144 -0.2815 0.9561 0.0071 0.0332 -0.9538 -0.2501 2.434560 
506.3282 42.376 105.206 -0.25987 0.95609 0.625 0.0000 0.09099 9.0000 18.70 0.9983 0.9985 1.0000 -0.0921 -0.0021 -0.0126 -0.0900 1.0014 0.0002 0.0046 -0.0021 0.0139 -0.2764 0.9579 0.0070 0.0337 -0.9556 -0.2437 2.448692 
503.3844 42.369 104.850 -0.25405 0.95813 0.641 0.0000 0.09130 9.0000 17.75 0.9980 0.9982 1.0000 -0.0924 -0.0024 -0.0126 -0.0902 1.0005 -0.0006 0.0049 -0.0023 0.0135 -0.2713 0.9595 0.0068 0.0340 -0.9573 -0.2370 2.463012 
499.9442 42.370 104.443 -0.24748 0.96091 0.652 0.0000 0.09137 9.0000 15.88 0.9986 0.9988 1.0000 -0.0922 -0.0026 -0.0124 -0.0906 1.0006 -0.0015 0.0052 -0.0029 0.0131 -0.2651 0.9628 0.0063 0.0338 -0.9596 -0.2300 2.479960 
496.9904 42.366 104.099 -0.24166 0.96214 0.682 0.0000 0.09146 9.0000 14.77 0.9988 0.9990 1.0000 -0.0923 -0.0028 -0.0122 -0.0907 1.0012 -0.0025 0.0051 -0.0035 0.0126 -0.2597 0.9644 0.0062 0.0332 -0.9610 -0.2239 2.494700 
494.0320 42.364 103.714 -0.23508 0.96330 0.728 0.0000 0.09149 9.0000 13.55 0.9989 0.9991 1.0000 -0.0925 -0.0028 -0.0118 -0.0906 1.0019 -0.0036 0.0047 -0.0039 0.0123 -0.2536 0.9660 0.0056 0.0331 -0.9624 -0.2170 2.509639 
490.5746 42.359 103.269 -0.22736 0.96415 0.762 0.0000 0.09160 9.0000 11.20 0.9984 0.9986 1.0000 -0.0927 -0.0029 -0.0112 -0.0907 1.0019 -0.0044 0.0041 -0.0044 0.0122 -0.2462 0.9671 0.0050 0.0331 -0.9630 -0.2089 2.527326 
487.6060 42.350 102.887 -0.22099 0.96592 0.834 0.0000 0.09193 9.0000 10.48 0.9978 0.9979 1.0000 -0.0931 -0.0031 -0.0109 -0.0907 1.0002 -0.0049 0.0038 -0.0049 0.0121 -0.2399 0.9685 0.0044 0.0337 -0.9636 -0.2021 2.542713 
484.6327 42.341 102.501 -0.21456 0.96776 0.938 0.0000 0.09228 9.0000 9.57 0.9969 0.9971 1.0000 -0.0935 -0.0031 -0.0104 -0.0909 0.9981 -0.0052 0.0037 -0.0051 0.0115 -0.2333 0.9695 0.0040 0.0339 -0.9641 -0.1955 2.558313 
481.1579 42.339 102.048 -0.20719 0.97075 1.165 0.0000 0.09248 9.0000 9.32 0.9969 0.9970 1.0000 -0.0938 -0.0035 -0.0101 -0.0908 0.9966 -0.0057 0.0033 -0.0060 0.0108 -0.2256 0.9723 0.0032 0.0339 -0.9659 -0.1881 2.576788 
478.1744 42.338 101.671 -0.20089 0.97257 1.419 0.0000 0.09255 9.0000 9.68 0.9976 0.9978 1.0000 -0.0940 -0.0037 -0.0097 -0.0909 0.9976 -0.0063 0.0032 -0.0066 0.0092 -0.2194 0.9751 0.0027 0.0338 -0.9677 -0.1819 2.592865 
475.1861 42.326 101.284 -0.19449 0.97473 1.704 0.0000 0.09305 9.0000 10.99 0.9986 0.9988 1.0000 -0.0945 -0.0037 -0.0097 -0.0915 0.9987 -0.0062 0.0034 -0.0072 0.0087 -0.2130 0.9784 0.0023 0.0345 -0.9698 -0.1757 2.609171 
471.6937 42.323 100.847 -0.18719 0.97689 2.054 0.0000 0.09323 9.0000 13.13 0.9994 0.9996 1.0000 -0.0948 -0.0033 -0.0097 -0.0916 0.9996 -0.0057 0.0037 -0.0075 0.0071 -0.2056 0.9815 0.0017 0.0365 -0.9719 -0.1687 2.628489 
468.6950 42.330 100.525 -0.18189 0.97905 2.602 0.0000 0.09309 9.0000 15.62 0.9998 1.0000 1.0000 -0.0949 -0.0032 -0.0101 -0.0912 0.9992 -0.0059 0.0034 -0.0079 0.0048 -0.2003 0.9840 0.0013 0.0379 -0.9734 -0.1633 2.645306 
465.6915 42.341 100.233 -0.17712 0.98117 3.535 0.0000 0.09279 9.0000 20.28 1.0018 1.0020 1.0000 -0.0946 -0.0031 -0.0104 -0.0911 1.0021 -0.0064 0.0033 -0.0083 0.0039 -0.1957 0.9878 0.0013 0.0383 -0.9766 -0.1589 2.662367 
462.1813 42.362 99.876 -0.17123 0.98356 4.849 0.0000 0.09220 9.0000 25.45 1.0026 1.0028 1.0000 -0.0943 -0.0034 -0.0108 -0.0903 1.0024 -0.0069 0.0044 -0.0092 0.0014 -0.1891 0.9912 0.0009 0.0394 -0.9783 -0.1537 2.682588 
459.1674 42.379 99.605 -0.16663 0.98462 5.201 0.0000 0.09162 9.0000 25.17 1.0045 1.0048 1.0000 -0.0945 -0.0033 -0.0111 -0.0893 1.0060 -0.0076 0.0043 -0.0099 0.0003 -0.1843 0.9943 0.0011 0.0403 -0.9809 -0.1500 2.700196 
456.1485 42.400 99.315 -0.16152 0.98478 4.501 0.0000 0.09082 9.0000 20.74 1.0048 1.0051 1.0000 -0.0941 -0.0033 -0.0115 -0.0883 1.0074 -0.0080 0.0057 -0.0102 -0.0010 -0.1784 0.9959 0.0010 0.0414 -0.9809 -0.1458 2.718066 
452.6203 42.423 98.971 -0.15550 0.98496 3.261 0.0000 0.08994 9.0000 13.54 1.0031 1.0033 1.0000 -0.0935 -0.0036 -0.0118 -0.0868 1.0048 -0.0088 0.0074 -0.0103 -0.0010 -0.1710 0.9962 0.0006 0.0404 -0.9785 -0.1408 2.739254 
449.5909 42.449 98.647 -0.14974 0.98468 2.389 0.0000 0.08891 9.0000 9.27 1.0016 1.0018 1.0000 -0.0928 -0.0039 -0.0118 -0.0853 1.0030 -0.0095 0.0095 -0.0103 -0.0004 -0.1635 0.9966 0.0002 0.0382 -0.9758 -0.1365 2.757711 
446.5565 42.480 98.303 -0.14360 0.98399 1.854 0.0000 0.08771 9.0000 6.49 0.9996 0.9998 1.0000 -0.0918 -0.0042 -0.0117 -0.0837 1.0007 -0.0104 0.0120 -0.0101 0.0008 -0.1552 0.9966 -0.0005 0.0349 -0.9720 -0.1321 2.776450 
443.0101 42.520 97.879 -0.13602 0.98289 1.390 0.0000 0.08612 9.0000 4.53 0.9969 0.9971 1.0000 -0.0905 -0.0046 -0.0113 -0.0816 0.9977 -0.0116 0.0156 -0.0097 0.0030 -0.1446 0.9966 -0.0014 0.0298 -0.9669 -0.1271 2.798676 
439.9650 42.552 97.558 -0.13021 0.98132 1.090 0.0000 0.08479 9.0000 3.42 0.9940 0.9941 1.0000 -0.0893 -0.0049 -0.0110 -0.0798 0.9942 -0.0125 0.0185 -0.0093 0.0051 -0.1363 0.9953 -0.0021 0.0252 -0.9616 -0.1233 2.818047 

# MINIMA:
439.9650 42.323 97.558 -0.71204 0.62697 0.613 0.0000 0.03968 9.0000 3.42 0.9404 0.9414 1.0000 -0.0949 -0.0280 -0.0127 -0.0916 0.9234 -0.0125 -0.0174 -0.0103 -0.0010 -0.6740 0.6010 -0.0098 -0.0077 -0.9809 -0.7121 1.242747 

# MAXIMA:
997.6623 43.815 138.346 -0.13021 0.98496 5.201 0.0000 0.09323 9.0000 60.28 1.0048 1.0051 1.0000 -0.0291 -0.0007 0.0261 -0.0385 1.0074 0.0552 0.0185 0.0273 0.0491 -0.1363 0.9966 0.0097 0.0414 -0.6111 -0.1233 2.818047 

# PEAKS:

# END SPECTRUM

