## SPECTRUM TYPE:
LCE

## DATE:
03-Feb-09

## COMMENTS:

## NUMBER OF SPECTRUM:
1

## ELLIPSOMETRIC CONFIGURATION:
0.00 ø :Modulator
+45.00 øAnalyser

## UNIT:
nm


# SPECTRUM:
1

# START TIME:
17:17:48

# END TIME:
17:17:48

# THETA ANGLE:
180.00 ø

# INCIDENCE ANGLE:
70.00 ø

# ACCUMULATION NUMBER:
5

# ELLIPSOMETRIC CONFIGURATION:
0.00 ø :Modulator
+45.00 øAnalyser

# INTEGRATION TIME:
97 ms

# FIRST POINT:
848.50 nm

# LAST POINT:
430.78 nm

# INCREMENT:
0.00 nm

# NUMBER OF POINTS:
250

# DATA:
nm Psi Delta Ic Is IcPrim IntensityMax Polarization PolarizationGen Mueller11 Mueller12 Mueller13 Mueller14 Mueller21 Mueller22 Mueller23 Mueller24 Mueller31 Mueller32 Mueller33 Mueller34 Mueller41 Mueller42 Mueller43 Mueller44 
848.50 10.740 128.267 -0.22722 0.28805 0.93232 7.45 0.9937 0.9937 1.00000 -0.92899 0.00262 0.00255 -0.92212 0.98548 -0.00439 -0.00232 0.00016 0.00137 -0.22254 0.28646 -0.00275 0.00303 -0.28546 -0.2286 
846.77 10.808 127.555 -0.22489 0.29251 0.93113 7.82 0.9939 0.9939 1.00000 -0.92725 0.00050 0.00184 -0.92220 0.98625 -0.00197 -0.00131 -0.00126 0.00342 -0.22111 0.29062 -0.00419 0.00491 -0.29037 -0.2256 
845.03 10.875 126.806 -0.22231 0.29710 0.93010 8.13 0.9944 0.9944 1.00000 -0.92610 -0.00124 0.00131 -0.92241 0.98743 -0.00001 -0.00061 -0.00247 0.00514 -0.21933 0.29506 -0.00519 0.00631 -0.29541 -0.2225 
843.30 10.940 126.028 -0.21940 0.30168 0.92883 8.43 0.9945 0.9945 1.00000 -0.92470 -0.00260 0.00096 -0.92190 0.98810 0.00149 -0.00020 -0.00344 0.00651 -0.21701 0.29949 -0.00576 0.00721 -0.30027 -0.2192 
841.56 11.005 125.213 -0.21627 0.30643 0.92785 8.90 0.9951 0.9952 1.00000 -0.92415 -0.00357 0.00077 -0.92178 0.98948 0.00253 -0.00009 -0.00420 0.00756 -0.21439 0.30430 -0.00590 0.00762 -0.30534 -0.2159 
840.18 11.063 124.512 -0.21359 0.31063 0.92720 9.24 0.9959 0.9959 1.00000 -0.92427 -0.00399 0.00140 -0.92162 0.99083 0.00314 -0.00125 -0.00422 0.00736 -0.21224 0.30851 -0.00570 0.00749 -0.30990 -0.2130 
838.44 11.123 123.618 -0.20964 0.31532 0.92574 9.62 0.9964 0.9965 1.00000 -0.92463 -0.00311 0.00122 -0.92009 0.99269 0.00151 -0.00137 -0.00486 0.00878 -0.20786 0.31393 -0.00360 0.00573 -0.31440 -0.2099 
836.71 11.174 122.671 -0.20530 0.32014 0.92507 10.07 0.9972 0.9972 1.00000 -0.92469 -0.00416 0.00149 -0.92003 0.99415 0.00268 -0.00188 -0.00570 0.00933 -0.20371 0.31916 -0.00299 0.00542 -0.31925 -0.2057 
834.98 11.254 121.594 -0.20064 0.32621 0.92422 10.51 0.9981 0.9981 1.00000 -0.92500 -0.00469 0.00178 -0.91955 0.99579 0.00270 -0.00196 -0.00537 0.00833 -0.19964 0.32522 -0.00154 0.00356 -0.32582 -0.2008 
833.24 11.315 120.645 -0.19621 0.33118 0.92336 10.99 0.9988 0.9988 1.00000 -0.92470 -0.00495 0.00215 -0.91942 0.99719 0.00298 -0.00269 -0.00603 0.00886 -0.19522 0.33026 -0.00080 0.00260 -0.33116 -0.1967 
831.51 11.377 119.734 -0.19187 0.33591 0.92236 11.39 0.9987 0.9987 1.00000 -0.92395 -0.00471 0.00223 -0.91819 0.99720 0.00245 -0.00281 -0.00463 0.00827 -0.19085 0.33546 -0.00052 0.00254 -0.33542 -0.1923 
829.78 11.430 118.797 -0.18715 0.34046 0.92155 11.78 0.9996 0.9996 1.00000 -0.92391 -0.00534 0.00118 -0.91837 0.99910 0.00353 -0.00138 -0.00426 0.00800 -0.18619 0.34040 -0.00125 0.00405 -0.34022 -0.1879 
828.04 11.503 117.972 -0.18335 0.34523 0.92064 12.27 1.0003 1.0003 1.00000 -0.92287 -0.00644 0.00134 -0.91871 1.00032 0.00484 -0.00170 -0.00310 0.00665 -0.18274 0.34572 -0.00186 0.00477 -0.34486 -0.1840 
826.31 11.584 117.172 -0.17971 0.35009 0.91961 12.74 0.9997 0.9997 1.00000 -0.92099 -0.00676 0.00131 -0.91734 0.99904 0.00575 -0.00187 -0.00328 0.00668 -0.17873 0.35016 -0.00237 0.00468 -0.34968 -0.1805 
824.58 11.679 116.233 -0.17536 0.35585 0.91858 13.17 0.9990 0.9990 1.00000 -0.91883 -0.00731 0.00114 -0.91592 0.99737 0.00655 -0.00176 -0.00428 0.00742 -0.17471 0.35627 -0.00275 0.00479 -0.35451 -0.1755 
823.19 11.746 115.578 -0.17227 0.35991 0.91797 13.76 0.9985 0.9985 1.00000 -0.91674 -0.00767 0.00052 -0.91552 0.99598 0.00759 -0.00129 -0.00396 0.00647 -0.17140 0.35994 -0.00320 0.00465 -0.35842 -0.1724 
821.46 11.814 114.690 -0.16762 0.36460 0.91724 14.09 0.9982 0.9982 1.00000 -0.91419 -0.00672 0.00013 -0.91590 0.99521 0.00708 -0.00139 -0.00509 0.00782 -0.16665 0.36449 -0.00437 0.00576 -0.36296 -0.1678 
819.73 11.892 113.831 -0.16319 0.36945 0.91645 14.44 0.9988 0.9988 1.00000 -0.91381 -0.00583 -0.00044 -0.91547 0.99605 0.00635 -0.00119 -0.00536 0.00811 -0.16246 0.36960 -0.00532 0.00661 -0.36784 -0.1633 
818.00 11.963 112.978 -0.15849 0.37377 0.91503 14.77 0.9981 0.9981 1.00000 -0.91181 -0.00513 -0.00108 -0.91375 0.99509 0.00538 -0.00084 -0.00577 0.00804 -0.15750 0.37343 -0.00591 0.00720 -0.37227 -0.1587 
816.27 12.051 112.111 -0.15386 0.37871 0.91374 15.14 0.9973 0.9973 1.00000 -0.91004 -0.00468 -0.00097 -0.91157 0.99357 0.00482 -0.00124 -0.00563 0.00726 -0.15259 0.37788 -0.00627 0.00743 -0.37709 -0.1541 
814.54 12.130 111.309 -0.14944 0.38310 0.91247 15.21 0.9970 0.9970 1.00000 -0.90878 -0.00386 -0.00155 -0.90982 0.99305 0.00329 -0.00036 -0.00633 0.00808 -0.14789 0.38197 -0.00566 0.00678 -0.38157 -0.1499 
812.81 12.199 110.460 -0.14450 0.38731 0.91135 15.57 0.9965 0.9965 1.00000 -0.90788 -0.00404 -0.00138 -0.90774 0.99223 0.00291 -0.00026 -0.00611 0.00707 -0.14279 0.38566 -0.00598 0.00673 -0.38595 -0.1451 
811.07 12.270 109.597 -0.13938 0.39148 0.91015 15.85 0.9965 0.9966 1.00000 -0.90680 -0.00332 -0.00176 -0.90669 0.99253 0.00205 0.00038 -0.00682 0.00736 -0.13777 0.38995 -0.00629 0.00719 -0.39009 -0.1399 
809.34 12.347 108.766 -0.13449 0.39582 0.90912 15.81 0.9963 0.9964 1.00000 -0.90570 -0.00343 -0.00125 -0.90531 0.99205 0.00244 -0.00052 -0.00643 0.00739 -0.13278 0.39447 -0.00585 0.00696 -0.39402 -0.1351 
807.61 12.418 107.894 -0.12907 0.39976 0.90766 15.78 0.9967 0.9967 1.00000 -0.90532 -0.00322 -0.00070 -0.90380 0.99316 0.00171 -0.00062 -0.00481 0.00540 -0.12745 0.39846 -0.00555 0.00665 -0.39832 -0.1298 
805.88 12.500 107.056 -0.12393 0.40393 0.90608 15.84 0.9968 0.9968 1.00000 -0.90375 -0.00411 0.00001 -0.90287 0.99388 0.00343 -0.00143 -0.00559 0.00727 -0.12225 0.40300 -0.00587 0.00824 -0.40239 -0.1249 
804.50 12.551 106.365 -0.11945 0.40677 0.90494 15.68 0.9974 0.9975 1.00000 -0.90355 -0.00417 -0.00030 -0.90228 0.99551 0.00399 -0.00095 -0.00546 0.00737 -0.11739 0.40639 -0.00550 0.00827 -0.40532 -0.1210 
802.77 12.653 105.540 -0.11445 0.41160 0.90353 15.64 0.9986 0.9986 1.00000 -0.90319 -0.00503 -0.00016 -0.90179 0.99769 0.00505 -0.00065 -0.00514 0.00699 -0.11288 0.41204 -0.00529 0.00861 -0.41021 -0.1158 
801.04 12.769 104.703 -0.10939 0.41687 0.90205 15.33 0.9984 0.9985 1.00000 -0.90183 -0.00573 0.00059 -0.89969 0.99714 0.00559 -0.00144 -0.00448 0.00639 -0.10786 0.41736 -0.00467 0.00788 -0.41519 -0.1106 
799.31 12.857 103.833 -0.10370 0.42118 0.90072 15.15 0.9984 0.9984 1.00000 -0.90061 -0.00536 0.00019 -0.89812 0.99700 0.00492 -0.00091 -0.00473 0.00646 -0.10185 0.42172 -0.00401 0.00655 -0.41937 -0.1052 
797.58 12.956 102.973 -0.09809 0.42578 0.89931 14.99 0.9979 0.9979 1.00000 -0.89880 -0.00472 0.00046 -0.89615 0.99591 0.00411 -0.00140 -0.00487 0.00677 -0.09606 0.42653 -0.00335 0.00569 -0.42329 -0.0997 
795.85 13.027 102.153 -0.09242 0.42915 0.89793 14.81 0.9982 0.9983 1.00000 -0.89770 -0.00522 0.00025 -0.89544 0.99696 0.00436 -0.00102 -0.00527 0.00753 -0.08974 0.43023 -0.00269 0.00515 -0.42676 -0.0948 
794.12 13.120 101.267 -0.08634 0.43339 0.89653 14.73 0.9982 0.9982 1.00000 -0.89605 -0.00561 0.00081 -0.89414 0.99678 0.00484 -0.00183 -0.00500 0.00741 -0.08345 0.43428 -0.00208 0.00448 -0.43111 -0.0889 
792.40 13.197 100.396 -0.08016 0.43693 0.89512 14.43 0.9975 0.9975 1.00000 -0.89448 -0.00543 0.00075 -0.89194 0.99573 0.00444 -0.00171 -0.00477 0.00721 -0.07664 0.43739 -0.00154 0.00364 -0.43461 -0.0833 
790.67 13.286 99.572 -0.07431 0.44069 0.89357 14.21 0.9977 0.9978 1.00000 -0.89368 -0.00565 0.00130 -0.89024 0.99639 0.00404 -0.00199 -0.00435 0.00613 -0.07073 0.44105 -0.00162 0.00363 -0.43875 -0.0776 
788.94 13.373 98.708 -0.06806 0.44437 0.89204 13.73 0.9971 0.9971 1.00000 -0.89121 -0.00593 0.00141 -0.88858 0.99519 0.00402 -0.00157 -0.00438 0.00612 -0.06464 0.44376 -0.00134 0.00349 -0.44285 -0.0712 
787.56 13.455 98.028 -0.06315 0.44777 0.89094 13.70 0.9974 0.9974 1.00000 -0.89038 -0.00631 0.00116 -0.88769 0.99571 0.00434 -0.00106 -0.00462 0.00629 -0.06028 0.44714 -0.00127 0.00328 -0.44647 -0.0657 
785.83 13.558 97.137 -0.05658 0.45187 0.88933 13.50 0.9976 0.9976 1.00000 -0.88923 -0.00647 0.00108 -0.88591 0.99603 0.00491 -0.00090 -0.00407 0.00541 -0.05441 0.45108 -0.00154 0.00327 -0.45087 -0.0585 
784.10 13.675 96.235 -0.04986 0.45642 0.88763 13.17 0.9983 0.9983 1.00000 -0.88794 -0.00596 0.00082 -0.88483 0.99718 0.00495 -0.00063 -0.00452 0.00647 -0.04823 0.45586 -0.00233 0.00425 -0.45569 -0.0514 
782.37 13.788 95.410 -0.04364 0.46080 0.88631 13.03 0.9979 0.9980 1.00000 -0.88622 -0.00682 0.00137 -0.88286 0.99600 0.00618 -0.00131 -0.00356 0.00640 -0.04272 0.45973 -0.00205 0.00441 -0.46003 -0.0444 
780.65 13.887 94.486 -0.03646 0.46462 0.88488 12.83 0.9981 0.9982 1.00000 -0.88452 -0.00685 0.00173 -0.88186 0.99618 0.00669 -0.00154 -0.00334 0.00692 -0.03595 0.46337 -0.00259 0.00527 -0.46409 -0.0368 
778.92 14.006 93.612 -0.02960 0.46885 0.88309 12.74 0.9978 0.9978 1.00000 -0.88199 -0.00676 0.00179 -0.88006 0.99532 0.00715 -0.00122 -0.00406 0.00874 -0.02909 0.46695 -0.00332 0.00657 -0.46855 -0.0300 
777.19 14.103 92.790 -0.02302 0.47239 0.88179 12.72 0.9984 0.9984 1.00000 -0.88138 -0.00590 0.00066 -0.87888 0.99622 0.00554 0.00039 -0.00350 0.00755 -0.02280 0.47049 -0.00354 0.00603 -0.47250 -0.0232 
775.47 14.217 91.973 -0.01641 0.47641 0.88038 12.54 0.9986 0.9986 1.00000 -0.88018 -0.00615 0.00037 -0.87705 0.99600 0.00496 0.00087 -0.00255 0.00607 -0.01678 0.47460 -0.00435 0.00689 -0.47632 -0.0160 
773.74 14.327 91.157 -0.00970 0.48026 0.87910 12.55 0.9983 0.9983 1.00000 -0.87883 -0.00543 0.00065 -0.87485 0.99485 0.00345 0.00014 -0.00335 0.00696 -0.00981 0.47821 -0.00539 0.00791 -0.47984 -0.0095 
772.01 14.400 90.343 -0.00289 0.48241 0.87752 12.38 0.9985 0.9986 1.00000 -0.87800 -0.00490 -0.00008 -0.87325 0.99568 0.00229 0.00088 -0.00352 0.00689 -0.00280 0.48113 -0.00570 0.00867 -0.48160 -0.0030 
770.63 14.464 89.686 0.00266 0.48414 0.87605 12.48 0.9992 0.9992 1.00000 -0.87760 -0.00504 0.00069 -0.87223 0.99740 0.00251 -0.00053 -0.00396 0.00755 0.00316 0.48394 -0.00611 0.00978 -0.48308 0.0021 
768.91 14.538 88.883 0.00948 0.48616 0.87446 12.50 0.9994 0.9994 1.00000 -0.87618 -0.00518 0.00069 -0.87112 0.99815 0.00275 -0.00056 -0.00458 0.00828 0.01069 0.48638 -0.00544 0.00944 -0.48504 0.0083 
767.18 14.627 88.035 0.01677 0.48872 0.87306 12.62 0.9990 0.9990 1.00000 -0.87443 -0.00520 0.00054 -0.86927 0.99723 0.00276 -0.00066 -0.00396 0.00694 0.01819 0.48883 -0.00492 0.00867 -0.48725 0.0153 
765.46 14.702 87.210 0.02390 0.49056 0.87152 12.63 0.9996 0.9996 1.00000 -0.87359 -0.00525 -0.00021 -0.86835 0.99875 0.00277 0.00033 -0.00479 0.00714 0.02599 0.49118 -0.00481 0.00857 -0.48933 0.0218 
763.73 14.795 86.419 0.03085 0.49302 0.86990 12.63 0.9997 0.9997 1.00000 -0.87209 -0.00563 -0.00028 -0.86678 0.99893 0.00293 0.00039 -0.00451 0.00606 0.03313 0.49377 -0.00431 0.00832 -0.49174 0.0285 
762.01 14.906 85.565 0.03845 0.49574 0.86777 12.84 0.9995 0.9995 1.00000 -0.86930 -0.00637 -0.00046 -0.86527 0.99888 0.00423 0.00030 -0.00513 0.00667 0.04068 0.49607 -0.00421 0.00876 -0.49485 0.0362 
760.28 15.044 84.712 0.04622 0.49942 0.86567 13.08 1.0005 1.0005 1.00000 -0.86833 -0.00720 -0.00060 -0.86349 1.00056 0.00553 0.00037 -0.00496 0.00552 0.04791 0.50021 -0.00402 0.00841 -0.49891 0.0446 
758.56 15.158 83.837 0.05422 0.50206 0.86360 13.02 1.0004 1.0004 1.00000 -0.86646 -0.00749 -0.00075 -0.86101 1.00031 0.00665 0.00004 -0.00500 0.00540 0.05624 0.50291 -0.00364 0.00788 -0.50137 0.0522 
756.83 15.280 82.960 0.06237 0.50502 0.86184 13.47 1.0001 1.0001 1.00000 -0.86395 -0.00791 -0.00069 -0.85910 0.99927 0.00784 -0.00021 -0.00499 0.00571 0.06453 0.50544 -0.00312 0.00707 -0.50424 0.0602 
755.11 15.402 82.108 0.07044 0.50809 0.86033 13.38 0.9994 0.9994 1.00000 -0.86145 -0.00819 0.00010 -0.85674 0.99712 0.00882 -0.00105 -0.00434 0.00574 0.07219 0.50797 -0.00294 0.00685 -0.50675 0.0685 
753.38 15.513 81.203 0.07896 0.51023 0.85839 13.72 0.9991 0.9991 1.00000 -0.85870 -0.00758 0.00020 -0.85508 0.99651 0.00852 -0.00100 -0.00374 0.00508 0.08096 0.50953 -0.00292 0.00618 -0.50914 0.0767 
752.00 15.605 80.504 0.08563 0.51190 0.85668 14.22 0.9986 0.9987 1.00000 -0.85658 -0.00722 0.00004 -0.85305 0.99566 0.00832 -0.00061 -0.00354 0.00474 0.08773 0.51078 -0.00345 0.00639 -0.51079 0.0831 
750.28 15.688 79.655 0.09364 0.51294 0.85501 14.51 0.9984 0.9984 1.00000 -0.85482 -0.00709 -0.00061 -0.85124 0.99538 0.00785 0.00001 -0.00293 0.00373 0.09581 0.51192 -0.00381 0.00633 -0.51159 0.0910 
748.56 15.791 78.765 0.10216 0.51431 0.85293 14.83 0.9979 0.9979 1.00000 -0.85256 -0.00675 -0.00024 -0.84860 0.99449 0.00738 -0.00038 -0.00281 0.00388 0.10480 0.51329 -0.00444 0.00729 -0.51251 0.0990 
746.83 15.892 77.946 0.11013 0.51573 0.85110 15.34 0.9980 0.9981 1.00000 -0.85073 -0.00651 0.00021 -0.84708 0.99484 0.00706 -0.00062 -0.00316 0.00464 0.11254 0.51510 -0.00441 0.00738 -0.51369 0.1072 
745.11 15.986 77.037 0.11888 0.51643 0.84902 15.72 0.9983 0.9983 1.00000 -0.84914 -0.00600 -0.00104 -0.84524 0.99569 0.00627 0.00122 -0.00268 0.00397 0.12121 0.51625 -0.00418 0.00750 -0.51440 0.1160 
743.39 16.081 76.163 0.12739 0.51722 0.84714 16.35 0.9983 0.9983 1.00000 -0.84717 -0.00609 -0.00116 -0.84363 0.99588 0.00612 0.00150 -0.00276 0.00365 0.12944 0.51714 -0.00416 0.00768 -0.51517 0.1248 
741.66 16.175 75.283 0.13601 0.51783 0.84531 17.01 0.9978 0.9978 1.00000 -0.84458 -0.00572 -0.00248 -0.84179 0.99496 0.00513 0.00375 -0.00231 0.00324 0.13805 0.51701 -0.00376 0.00710 -0.51604 0.1333 
739.94 16.273 74.404 0.14477 0.51865 0.84374 17.48 0.9982 0.9983 1.00000 -0.84316 -0.00588 -0.00303 -0.84057 0.99554 0.00473 0.00473 -0.00145 0.00201 0.14626 0.51821 -0.00396 0.00722 -0.51678 0.1426 
738.22 16.382 73.531 0.15356 0.51946 0.84170 18.28 0.9987 0.9987 1.00000 -0.84153 -0.00582 -0.00340 -0.83885 0.99642 0.00457 0.00558 -0.00155 0.00193 0.15497 0.51914 -0.00436 0.00742 -0.51792 0.1516 
736.50 16.488 72.636 0.16251 0.51971 0.83929 18.60 0.9980 0.9980 1.00000 -0.83883 -0.00594 -0.00295 -0.83604 0.99559 0.00424 0.00528 -0.00112 0.00086 0.16404 0.51884 -0.00416 0.00696 -0.51829 0.1603 
735.12 16.585 71.918 0.16988 0.52029 0.83736 19.07 0.9981 0.9981 1.00000 -0.83710 -0.00633 -0.00242 -0.83407 0.99577 0.00459 0.00455 -0.00124 0.00031 0.17149 0.51952 -0.00447 0.00726 -0.51885 0.1675 
733.40 16.707 71.001 0.17931 0.52079 0.83488 19.62 0.9984 0.9984 1.00000 -0.83535 -0.00613 -0.00237 -0.83157 0.99659 0.00402 0.00481 -0.00102 -0.00059 0.18092 0.52039 -0.00466 0.00741 -0.51941 0.1771 
731.68 16.821 70.051 0.18904 0.52082 0.83260 20.08 0.9984 0.9984 1.00000 -0.83342 -0.00587 -0.00232 -0.82903 0.99670 0.00413 0.00430 -0.00114 -0.00043 0.19149 0.52070 -0.00480 0.00737 -0.51922 0.1860 
729.96 16.955 69.164 0.19851 0.52161 0.83026 20.70 0.9986 0.9986 1.00000 -0.83099 -0.00560 -0.00190 -0.82680 0.99670 0.00420 0.00355 -0.00125 -0.00014 0.20107 0.52141 -0.00560 0.00804 -0.52008 0.1953 
728.23 17.059 68.210 0.20819 0.52077 0.82778 20.77 0.9989 0.9990 1.00000 -0.82937 -0.00546 -0.00164 -0.82453 0.99800 0.00387 0.00352 -0.00093 -0.00063 0.21131 0.52077 -0.00607 0.00886 -0.51974 0.2047 
726.51 17.179 67.292 0.21774 0.52033 0.82510 21.18 0.9992 0.9992 1.00000 -0.82734 -0.00523 -0.00164 -0.82197 0.99892 0.00352 0.00351 -0.00082 -0.00108 0.22157 0.52021 -0.00557 0.00811 -0.51989 0.2137 
724.79 17.289 66.361 0.22730 0.51932 0.82245 21.66 0.9995 0.9996 1.00000 -0.82556 -0.00546 -0.00112 -0.81949 1.00019 0.00461 0.00258 -0.00082 -0.00085 0.23161 0.51959 -0.00577 0.00861 -0.51914 0.2230 
723.07 17.415 65.411 0.23733 0.51864 0.81974 21.66 0.9995 0.9995 1.00000 -0.82319 -0.00535 -0.00066 -0.81660 1.00039 0.00446 0.00196 -0.00136 0.00020 0.24227 0.51899 -0.00589 0.00901 -0.51849 0.2325 
721.35 17.553 64.517 0.24720 0.51865 0.81732 21.99 0.9998 0.9998 1.00000 -0.82081 -0.00512 0.00011 -0.81420 1.00045 0.00444 0.00091 -0.00208 0.00128 0.25197 0.51881 -0.00590 0.00881 -0.51872 0.2425 
719.63 17.673 63.625 0.25672 0.51772 0.81475 21.99 1.0000 1.0001 1.00000 -0.81871 -0.00534 -0.00011 -0.81174 1.00116 0.00471 0.00125 -0.00255 0.00195 0.26134 0.51797 -0.00586 0.00884 -0.51807 0.2524 
717.91 17.786 62.704 0.26641 0.51624 0.81229 22.12 1.0000 1.0000 1.00000 -0.81634 -0.00518 -0.00052 -0.80933 1.00135 0.00413 0.00188 -0.00252 0.00223 0.27099 0.51644 -0.00579 0.00934 -0.51674 0.2622 
716.54 17.868 61.997 0.27381 0.51490 0.81050 21.98 0.9995 0.9996 1.00000 -0.81409 -0.00553 -0.00044 -0.80736 1.00058 0.00434 0.00193 -0.00227 0.00194 0.27816 0.51477 -0.00591 0.00981 -0.51533 0.2696 
714.82 17.999 61.056 0.28415 0.51379 0.80819 21.77 0.9994 0.9994 1.00000 -0.81113 -0.00561 -0.00056 -0.80504 0.99974 0.00432 0.00208 -0.00223 0.00220 0.28847 0.51316 -0.00552 0.00920 -0.51429 0.2797 
713.10 18.117 60.097 0.29449 0.51208 0.80613 21.31 0.9990 0.9990 1.00000 -0.80829 -0.00602 -0.00042 -0.80275 0.99849 0.00501 0.00201 -0.00181 0.00191 0.29823 0.51129 -0.00538 0.00926 -0.51211 0.2903 
711.38 18.235 59.068 0.30540 0.50963 0.80379 21.03 0.9988 0.9989 1.00000 -0.80588 -0.00630 -0.00009 -0.80018 0.99811 0.00546 0.00183 -0.00167 0.00144 0.30893 0.50909 -0.00547 0.00925 -0.50921 0.3013 
709.66 18.342 58.052 0.31596 0.50667 0.80157 20.80 0.9983 0.9983 1.00000 -0.80288 -0.00659 0.00040 -0.79785 0.99699 0.00576 0.00134 -0.00138 0.00068 0.31906 0.50570 -0.00533 0.00888 -0.50612 0.3119 
707.94 18.478 57.057 0.32693 0.50453 0.79910 20.16 0.9979 0.9979 1.00000 -0.79968 -0.00701 0.00035 -0.79511 0.99571 0.00654 0.00116 -0.00220 0.00170 0.32904 0.50403 -0.00602 0.00998 -0.50287 0.3234 
706.22 18.585 56.016 0.33769 0.50094 0.79678 19.64 0.9980 0.9980 1.00000 -0.79747 -0.00657 -0.00057 -0.79296 0.99607 0.00553 0.00260 -0.00190 0.00120 0.34001 0.50054 -0.00620 0.00997 -0.49938 0.3340 
704.50 18.706 54.989 0.34865 0.49772 0.79449 19.42 0.9982 0.9982 1.00000 -0.79521 -0.00656 -0.00110 -0.79069 0.99610 0.00597 0.00316 -0.00139 0.00000 0.35084 0.49717 -0.00597 0.00900 -0.49633 0.3451 
702.78 18.830 53.947 0.35965 0.49405 0.79181 19.18 0.9983 0.9984 1.00000 -0.79287 -0.00662 -0.00114 -0.78795 0.99647 0.00587 0.00315 -0.00128 -0.00008 0.36190 0.49382 -0.00623 0.00948 -0.49255 0.3561 
701.07 18.934 52.884 0.37034 0.48939 0.78928 18.70 0.9991 0.9991 1.00000 -0.79103 -0.00713 -0.00115 -0.78619 0.99829 0.00629 0.00361 -0.00077 -0.00084 0.37304 0.48940 -0.00583 0.00926 -0.48855 0.3670 
699.69 19.025 51.999 0.37931 0.48547 0.78714 18.29 0.9991 0.9991 1.00000 -0.78945 -0.00703 -0.00120 -0.78377 0.99865 0.00623 0.00378 -0.00037 -0.00164 0.38251 0.48544 -0.00505 0.00824 -0.48484 0.3756 
697.97 19.153 50.916 0.39071 0.48104 0.78453 17.91 0.9991 0.9992 1.00000 -0.78712 -0.00694 -0.00102 -0.78078 0.99852 0.00616 0.00360 0.00031 -0.00288 0.39408 0.48064 -0.00423 0.00659 -0.48072 0.3868 
696.26 19.277 49.773 0.40234 0.47565 0.78170 17.51 0.9990 0.9991 1.00000 -0.78410 -0.00661 -0.00147 -0.77811 0.99847 0.00585 0.00440 0.00015 -0.00239 0.40625 0.47511 -0.00420 0.00658 -0.47546 0.3978 
694.54 19.398 48.693 0.41325 0.47028 0.77876 17.35 0.9987 0.9987 1.00000 -0.78071 -0.00604 -0.00139 -0.77538 0.99816 0.00565 0.00388 -0.00032 -0.00169 0.41769 0.46947 -0.00389 0.00563 -0.47023 0.4081 
692.82 19.512 47.520 0.42461 0.46370 0.77575 17.12 0.9985 0.9986 1.00000 -0.77809 -0.00609 -0.00188 -0.77226 0.99852 0.00543 0.00469 -0.00032 -0.00122 0.43006 0.46276 -0.00376 0.00586 -0.46394 0.4185 
691.11 19.617 46.371 0.43570 0.45706 0.77329 16.85 0.9988 0.9988 1.00000 -0.77549 -0.00553 -0.00211 -0.77042 0.99915 0.00481 0.00535 0.00011 -0.00152 0.44170 0.45623 -0.00321 0.00551 -0.45751 0.4293 
689.39 19.763 45.256 0.44759 0.45161 0.77063 16.73 0.9983 0.9984 1.00000 -0.77223 -0.00573 -0.00182 -0.76717 0.99757 0.00503 0.00439 -0.00033 -0.00074 0.45352 0.45050 -0.00255 0.00534 -0.45163 0.4406 
687.67 19.915 44.143 0.45983 0.44627 0.76829 16.57 0.9984 0.9985 1.00000 -0.76949 -0.00517 -0.00143 -0.76434 0.99642 0.00455 0.00359 -0.00093 0.00054 0.46535 0.44482 -0.00259 0.00534 -0.44613 0.4527 
685.96 20.026 42.967 0.47120 0.43890 0.76600 16.74 0.9984 0.9985 1.00000 -0.76679 -0.00542 -0.00058 -0.76228 0.99616 0.00554 0.00273 -0.00058 0.00092 0.47626 0.43792 -0.00311 0.00723 -0.43819 0.4643 
684.24 20.154 41.816 0.48274 0.43186 0.76355 16.59 0.9986 0.9986 1.00000 -0.76393 -0.00584 -0.00002 -0.76009 0.99596 0.00640 0.00268 -0.00056 0.00118 0.48689 0.43083 -0.00303 0.00745 -0.43114 0.4766 
682.87 20.263 40.891 0.49208 0.42613 0.76146 16.71 0.9985 0.9985 1.00000 -0.76153 -0.00600 0.00025 -0.75778 0.99526 0.00655 0.00244 -0.00068 0.00154 0.49529 0.42492 -0.00322 0.00812 -0.42532 0.4865 
681.15 20.392 39.689 0.50387 0.41816 0.75899 16.70 0.9985 0.9986 1.00000 -0.75910 -0.00615 0.00024 -0.75482 0.99466 0.00652 0.00249 -0.00080 0.00141 0.50644 0.41696 -0.00385 0.00880 -0.41713 0.4986 
679.44 20.508 38.483 0.51518 0.40954 0.75666 16.99 0.9986 0.9987 1.00000 -0.75711 -0.00627 0.00022 -0.75201 0.99446 0.00707 0.00218 -0.00039 0.00108 0.51782 0.40808 -0.00365 0.00832 -0.40872 0.5097 
677.72 20.634 37.247 0.52677 0.40052 0.75408 17.41 0.9992 0.9992 1.00000 -0.75481 -0.00665 0.00017 -0.74968 0.99513 0.00797 0.00241 -0.00040 0.00099 0.52932 0.39908 -0.00380 0.00850 -0.40000 0.5217 
676.01 20.750 35.994 0.53777 0.39063 0.75128 17.94 0.9991 0.9991 1.00000 -0.75209 -0.00682 0.00060 -0.74681 0.99512 0.00856 0.00167 -0.00058 0.00137 0.54043 0.38946 -0.00452 0.00964 -0.38990 0.5325 
674.29 20.857 34.697 0.54875 0.37993 0.74877 18.22 0.9995 0.9995 1.00000 -0.74985 -0.00647 0.00043 -0.74459 0.99587 0.00794 0.00240 -0.00037 0.00101 0.55161 0.37857 -0.00418 0.00869 -0.37972 0.5436 
672.58 20.969 33.371 0.55984 0.36874 0.74613 18.81 0.9993 0.9993 1.00000 -0.74767 -0.00637 0.00022 -0.74128 0.99556 0.00768 0.00273 -0.00036 0.00042 0.56263 0.36727 -0.00386 0.00840 -0.36857 0.5546 
670.86 21.085 32.012 0.57097 0.35695 0.74339 19.64 0.9993 0.9993 1.00000 -0.74491 -0.00607 -0.00065 -0.73861 0.99562 0.00708 0.00382 -0.00021 -0.00044 0.57398 0.35540 -0.00394 0.00755 -0.35693 0.5655 
669.15 21.183 30.614 0.58128 0.34395 0.74056 20.18 0.9991 0.9992 1.00000 -0.74185 -0.00597 -0.00117 -0.73627 0.99596 0.00698 0.00424 -0.00108 0.00040 0.58522 0.34278 -0.00471 0.00853 -0.34373 0.5750 
667.43 21.263 29.197 0.59089 0.33020 0.73803 20.95 0.9991 0.9991 1.00000 -0.73928 -0.00574 -0.00092 -0.73437 0.99675 0.00618 0.00459 -0.00119 0.00015 0.59594 0.32910 -0.00489 0.00859 -0.33023 0.5839 
665.72 21.347 27.789 0.60074 0.31658 0.73606 21.92 0.9995 0.9995 1.00000 -0.73780 -0.00560 -0.00110 -0.73248 0.99751 0.00587 0.00503 -0.00094 -0.00053 0.60627 0.31557 -0.00494 0.00838 -0.31681 0.5937 
664.35 21.405 26.659 0.60824 0.30537 0.73472 22.54 0.9995 0.9995 1.00000 -0.73624 -0.00528 -0.00104 -0.73133 0.99746 0.00545 0.00507 -0.00092 -0.00087 0.61388 0.30441 -0.00472 0.00771 -0.30556 0.6010 
662.64 21.503 25.283 0.61809 0.29194 0.73287 23.19 0.9992 0.9992 1.00000 -0.73420 -0.00531 -0.00043 -0.72871 0.99614 0.00514 0.00393 -0.00150 -0.00056 0.62327 0.29096 -0.00451 0.00737 -0.29180 0.6105 
660.92 21.579 23.848 0.62714 0.27723 0.73125 23.86 0.9993 0.9993 1.00000 -0.73261 -0.00478 -0.00031 -0.72701 0.99607 0.00411 0.00458 -0.00158 -0.00030 0.63205 0.27590 -0.00465 0.00718 -0.27747 0.6198 
659.21 21.640 22.345 0.63542 0.26119 0.72953 24.44 0.9993 0.9993 1.00000 -0.73091 -0.00508 -0.00027 -0.72561 0.99653 0.00465 0.00540 -0.00101 -0.00106 0.64063 0.25992 -0.00436 0.00701 -0.26155 0.6280 
657.50 21.709 20.870 0.64359 0.24537 0.72791 25.13 0.9995 0.9995 1.00000 -0.72959 -0.00546 -0.00016 -0.72387 0.99675 0.00481 0.00591 -0.00074 -0.00195 0.64866 0.24360 -0.00350 0.00580 -0.24635 0.6364 
655.78 21.778 19.363 0.65166 0.22901 0.72644 25.59 0.9993 0.9993 1.00000 -0.72814 -0.00559 -0.00028 -0.72194 0.99616 0.00468 0.00617 -0.00060 -0.00221 0.65651 0.22702 -0.00315 0.00545 -0.23012 0.6443 
654.07 21.840 17.814 0.65914 0.21181 0.72500 25.89 0.9997 0.9997 1.00000 -0.72743 -0.00553 -0.00010 -0.72035 0.99693 0.00503 0.00609 -0.00011 -0.00296 0.66463 0.20973 -0.00248 0.00443 -0.21323 0.6516 
652.36 21.905 16.271 0.66641 0.19450 0.72368 26.13 0.9998 0.9998 1.00000 -0.72594 -0.00563 -0.00037 -0.71907 0.99675 0.00550 0.00650 -0.00029 -0.00226 0.67190 0.19230 -0.00250 0.00464 -0.19607 0.6588 
650.65 21.948 14.672 0.67260 0.17610 0.72258 25.81 1.0002 1.0002 1.00000 -0.72493 -0.00548 -0.00040 -0.71852 0.99763 0.00581 0.00665 -0.00014 -0.00238 0.67854 0.17406 -0.00248 0.00461 -0.17772 0.6651 
648.93 21.978 13.070 0.67794 0.15738 0.72178 25.75 0.9998 0.9998 1.00000 -0.72391 -0.00521 -0.00051 -0.71746 0.99697 0.00607 0.00642 0.00003 -0.00249 0.68356 0.15523 -0.00253 0.00471 -0.15906 0.6703 
647.56 22.001 11.742 0.68209 0.14177 0.72139 25.23 0.9999 0.9999 1.00000 -0.72364 -0.00504 -0.00015 -0.71691 0.99691 0.00559 0.00630 -0.00010 -0.00274 0.68766 0.13956 -0.00217 0.00407 -0.14354 0.6744 
645.85 22.009 10.042 0.68599 0.12148 0.72094 25.13 1.0004 1.0005 1.00000 -0.72392 -0.00546 0.00014 -0.71675 0.99833 0.00660 0.00564 0.00003 -0.00381 0.69213 0.11949 -0.00211 0.00425 -0.12326 0.6787 
644.14 22.022 8.348 0.68966 0.10120 0.72072 24.45 1.0003 1.0003 1.00000 -0.72324 -0.00515 0.00045 -0.71670 0.99791 0.00606 0.00564 0.00013 -0.00481 0.69605 0.09942 -0.00198 0.00353 -0.10276 0.6818 
642.43 21.996 6.630 0.69159 0.08039 0.72121 24.00 1.0001 1.0001 1.00000 -0.72362 -0.00526 0.00079 -0.71718 0.99776 0.00683 0.00491 0.00008 -0.00485 0.69785 0.07909 -0.00209 0.00381 -0.08150 0.6838 
640.72 21.963 4.890 0.69278 0.05927 0.72187 22.95 0.9999 0.9999 1.00000 -0.72379 -0.00526 0.00145 -0.71811 0.99746 0.00738 0.00470 0.00069 -0.00522 0.69877 0.05780 -0.00157 0.00367 -0.06059 0.6850 
639.01 21.929 3.191 0.69367 0.03868 0.72302 22.25 0.9995 0.9995 1.00000 -0.72434 -0.00526 0.00129 -0.71905 0.99632 0.00797 0.00438 0.00133 -0.00519 0.69884 0.03733 -0.00138 0.00357 -0.03988 0.6859 
637.30 21.884 1.439 0.69365 0.01742 0.72437 21.38 0.9992 0.9992 1.00000 -0.72501 -0.00508 0.00159 -0.72026 0.99521 0.00786 0.00361 0.00146 -0.00576 0.69853 0.01639 -0.00116 0.00251 -0.01837 0.6855 
635.59 21.845 359.698 0.69284 -0.00365 0.72530 20.71 0.9991 0.9991 1.00000 -0.72563 -0.00469 0.00149 -0.72138 0.99506 0.00723 0.00388 0.00094 -0.00478 0.69761 -0.00457 -0.00130 0.00256 0.00271 0.6847 
633.88 21.778 357.970 0.69052 -0.02447 0.72671 20.19 0.9997 0.9997 1.00000 -0.72752 -0.00449 0.00173 -0.72341 0.99658 0.00707 0.00326 0.00064 -0.00415 0.69546 -0.02577 -0.00086 0.00150 0.02309 0.6832 
632.17 21.710 356.230 0.68763 -0.04531 0.72824 19.37 0.9994 0.9995 1.00000 -0.72899 -0.00450 0.00192 -0.72475 0.99625 0.00711 0.00224 0.00044 -0.00355 0.69268 -0.04626 -0.00082 0.00162 0.04420 0.6800 
630.46 21.638 354.485 0.68408 -0.06605 0.72992 18.94 0.9995 0.9995 1.00000 -0.73088 -0.00439 0.00199 -0.72631 0.99637 0.00677 0.00218 0.00035 -0.00377 0.68850 -0.06723 -0.00062 0.00115 0.06463 0.6772 
629.09 21.572 353.133 0.68067 -0.08197 0.73153 18.60 0.9986 0.9986 1.00000 -0.73164 -0.00405 0.00160 -0.72749 0.99463 0.00643 0.00220 0.00044 -0.00364 0.68421 -0.08335 -0.00042 0.00018 0.08016 0.6735 
627.38 21.474 351.355 0.67512 -0.10264 0.73364 18.10 0.9987 0.9987 1.00000 -0.73407 -0.00394 0.00135 -0.72967 0.99518 0.00681 0.00172 0.00058 -0.00389 0.67885 -0.10413 0.00004 -0.00064 0.10067 0.6681 
625.67 21.366 349.596 0.66906 -0.12284 0.73632 18.20 0.9982 0.9983 1.00000 -0.73639 -0.00428 0.00111 -0.73186 0.99403 0.00696 0.00216 0.00030 -0.00379 0.67184 -0.12445 -0.00034 0.00012 0.12049 0.6623 
623.96 21.250 347.824 0.66207 -0.14286 0.73913 17.88 0.9985 0.9985 1.00000 -0.73959 -0.00462 0.00081 -0.73461 0.99450 0.00752 0.00223 -0.00011 -0.00394 0.66446 -0.14420 -0.00030 0.00006 0.14073 0.6560 
622.25 21.114 346.035 0.65383 -0.16259 0.74231 18.00 0.9989 0.9989 1.00000 -0.74342 -0.00456 0.00067 -0.73772 0.99532 0.00807 0.00195 -0.00004 -0.00470 0.65646 -0.16389 -0.00064 0.00012 0.16053 0.6481 
620.55 20.982 344.223 0.64543 -0.18236 0.74582 18.10 0.9993 0.9993 1.00000 -0.74729 -0.00478 0.00090 -0.74105 0.99559 0.00840 0.00187 -0.00019 -0.00486 0.64786 -0.18361 -0.00036 -0.00049 0.18030 0.6401 
618.84 20.828 342.436 0.63545 -0.20114 0.74924 18.35 0.9998 0.9998 1.00000 -0.75109 -0.00520 0.00112 -0.74492 0.99670 0.00989 0.00164 -0.00002 -0.00569 0.63814 -0.20243 0.00014 -0.00112 0.19918 0.6307 
617.13 20.667 340.635 0.62482 -0.21961 0.75295 18.45 0.9993 0.9994 1.00000 -0.75433 -0.00496 0.00107 -0.74849 0.99591 0.01001 0.00249 -0.00008 -0.00570 0.62710 -0.22051 0.00037 -0.00056 0.21781 0.6200 
615.42 20.494 338.804 0.61329 -0.23783 0.75701 19.20 0.9996 0.9996 1.00000 -0.75878 -0.00531 0.00046 -0.75245 0.99632 0.01100 0.00364 -0.00017 -0.00512 0.61556 -0.23855 0.00019 0.00048 0.23624 0.6088 
613.71 20.337 336.953 0.60164 -0.25597 0.76085 20.00 0.9992 0.9992 1.00000 -0.76211 -0.00517 0.00015 -0.75592 0.99516 0.01054 0.00546 0.00015 -0.00495 0.60391 -0.25672 -0.00007 0.00186 0.25398 0.5965 
612.35 20.204 335.467 0.59189 -0.27015 0.76428 20.34 0.9990 0.9990 1.00000 -0.76517 -0.00516 -0.00003 -0.75904 0.99430 0.01046 0.00598 0.00041 -0.00462 0.59439 -0.27077 -0.00028 0.00230 0.26799 0.5860 
610.64 20.016 333.653 0.57842 -0.28646 0.76836 21.22 0.9988 0.9988 1.00000 -0.76896 -0.00524 0.00023 -0.76319 0.99404 0.01041 0.00606 0.00011 -0.00470 0.58138 -0.28697 -0.00031 0.00163 0.28424 0.5720 
608.93 19.834 331.858 0.56481 -0.30211 0.77240 22.24 0.9985 0.9985 1.00000 -0.77289 -0.00484 0.00036 -0.76693 0.99355 0.00958 0.00604 0.00004 -0.00368 0.56801 -0.30261 -0.00039 0.00198 0.29966 0.5580 
607.22 19.616 330.056 0.54963 -0.31662 0.77685 23.35 0.9986 0.9986 1.00000 -0.77777 -0.00480 0.00094 -0.77141 0.99417 0.00927 0.00523 0.00025 -0.00367 0.55344 -0.31755 -0.00016 0.00155 0.31384 0.5426 
605.52 19.414 328.187 0.53433 -0.33146 0.78127 24.62 0.9979 0.9980 1.00000 -0.78158 -0.00466 0.00097 -0.77547 0.99299 0.00860 0.00526 0.00047 -0.00332 0.53841 -0.33216 -0.00050 0.00182 0.32844 0.5265 
603.81 19.208 326.361 0.51868 -0.34511 0.78557 25.94 0.9978 0.9978 1.00000 -0.78590 -0.00461 0.00088 -0.77967 0.99292 0.00797 0.00590 0.00068 -0.00368 0.52230 -0.34633 -0.00041 0.00124 0.34145 0.5114 
602.10 18.975 324.522 0.50193 -0.35773 0.79034 27.04 0.9972 0.9973 1.00000 -0.79029 -0.00494 0.00071 -0.78420 0.99218 0.00772 0.00578 0.00066 -0.00381 0.50539 -0.35901 0.00028 0.00031 0.35366 0.4946 
600.40 18.757 322.668 0.48516 -0.37002 0.79477 28.82 0.9979 0.9980 1.00000 -0.79560 -0.00558 0.00085 -0.78905 0.99387 0.00810 0.00516 0.00050 -0.00436 0.48884 -0.37142 0.00052 -0.00050 0.36636 0.4785 
598.69 18.548 320.824 0.46862 -0.38186 0.79941 30.11 0.9980 0.9980 1.00000 -0.80025 -0.00612 0.00082 -0.79358 0.99376 0.00828 0.00553 0.00018 -0.00442 0.47170 -0.38314 0.00007 0.00027 0.37820 0.4626 
596.99 18.325 318.999 0.45159 -0.39258 0.80424 30.90 0.9986 0.9986 1.00000 -0.80516 -0.00623 0.00070 -0.79908 0.99471 0.00828 0.00551 0.00010 -0.00458 0.45442 -0.39412 -0.00012 -0.00034 0.38897 0.4464 
595.28 18.099 317.162 0.43401 -0.40243 0.80875 31.96 0.9988 0.9989 1.00000 -0.81001 -0.00621 0.00054 -0.80383 0.99548 0.00877 0.00521 0.00041 -0.00483 0.43708 -0.40396 0.00024 -0.00067 0.39909 0.4290 
593.92 17.913 315.699 0.41976 -0.40964 0.81242 32.19 0.9988 0.9989 1.00000 -0.81399 -0.00669 0.00077 -0.80731 0.99564 0.00965 0.00457 0.00012 -0.00434 0.42255 -0.41106 0.00092 -0.00095 0.40643 0.4151 
592.21 17.677 313.863 0.40161 -0.41787 0.81693 31.85 0.9992 0.9992 1.00000 -0.81919 -0.00656 0.00106 -0.81194 0.99665 0.01017 0.00406 -0.00015 -0.00530 0.40457 -0.41946 0.00124 -0.00183 0.41488 0.3973 
590.51 17.435 311.984 0.38290 -0.42548 0.82145 31.54 0.9993 0.9993 1.00000 -0.82400 -0.00613 0.00060 -0.81671 0.99732 0.01003 0.00473 -0.00057 -0.00515 0.38615 -0.42660 0.00139 -0.00137 0.42322 0.3786 
588.80 17.205 310.117 0.36453 -0.43264 0.82593 30.86 0.9993 0.9993 1.00000 -0.82877 -0.00644 0.00056 -0.82093 0.99740 0.01011 0.00459 -0.00085 -0.00430 0.36775 -0.43351 0.00138 -0.00179 0.43064 0.3604 
587.10 16.978 308.227 0.34596 -0.43921 0.83026 29.51 0.9991 0.9992 1.00000 -0.83299 -0.00634 0.00112 -0.82529 0.99729 0.01047 0.00438 -0.00093 -0.00356 0.34912 -0.44002 0.00157 -0.00191 0.43721 0.3419 
585.39 16.750 306.330 0.32725 -0.44500 0.83457 28.46 0.9986 0.9986 1.00000 -0.83666 -0.00636 0.00134 -0.82938 0.99630 0.01131 0.00380 -0.00079 -0.00312 0.33030 -0.44559 0.00190 -0.00238 0.44275 0.3230 
583.69 16.509 304.454 0.30860 -0.44977 0.83939 26.68 0.9986 0.9987 1.00000 -0.84131 -0.00606 0.00151 -0.83430 0.99623 0.01096 0.00323 -0.00087 -0.00309 0.31158 -0.44988 0.00186 -0.00247 0.44797 0.3045 
581.98 16.280 302.530 0.28993 -0.45457 0.84437 25.37 0.9988 0.9988 1.00000 -0.84591 -0.00599 0.00160 -0.83918 0.99567 0.01082 0.00259 -0.00032 -0.00405 0.29240 -0.45412 0.00218 -0.00341 0.45306 0.2862 
580.28 16.046 300.550 0.27054 -0.45837 0.84872 23.61 0.9989 0.9989 1.00000 -0.85026 -0.00645 0.00163 -0.84370 0.99591 0.01103 0.00274 -0.00028 -0.00428 0.27303 -0.45834 0.00208 -0.00335 0.45652 0.2669 
578.58 15.817 298.591 0.25149 -0.46144 0.85306 22.18 0.9990 0.9991 1.00000 -0.85476 -0.00654 0.00175 -0.84803 0.99611 0.01041 0.00247 -0.00021 -0.00419 0.25362 -0.46156 0.00254 -0.00398 0.45953 0.2484 
577.21 15.639 297.017 0.23637 -0.46357 0.85660 21.56 0.9990 0.9990 1.00000 -0.85833 -0.00671 0.00161 -0.85115 0.99566 0.01072 0.00258 -0.00061 -0.00359 0.23806 -0.46347 0.00280 -0.00414 0.46166 0.2337 
575.51 15.423 294.985 0.21712 -0.46593 0.86074 20.07 0.9990 0.9991 1.00000 -0.86246 -0.00712 0.00212 -0.85516 0.99550 0.01113 0.00159 -0.00086 -0.00338 0.21881 -0.46557 0.00322 -0.00475 0.46419 0.2145 
573.81 15.215 293.005 0.19848 -0.46747 0.86456 19.18 0.9987 0.9988 1.00000 -0.86595 -0.00707 0.00213 -0.85866 0.99478 0.01058 0.00126 -0.00096 -0.00376 0.19959 -0.46688 0.00243 -0.00397 0.46563 0.1963 
572.10 15.014 290.945 0.17950 -0.46897 0.86875 18.37 0.9985 0.9986 1.00000 -0.86944 -0.00677 0.00230 -0.86254 0.99365 0.01026 0.00128 -0.00126 -0.00303 0.18045 -0.46846 0.00182 -0.00201 0.46649 0.1774 
570.40 14.816 288.883 0.16064 -0.46967 0.87269 17.85 0.9984 0.9984 1.00000 -0.87307 -0.00681 0.00293 -0.86605 0.99284 0.00984 0.00050 -0.00142 -0.00271 0.16186 -0.46895 0.00188 -0.00149 0.46703 0.1583 
568.70 14.609 286.784 0.14151 -0.46916 0.87620 17.27 0.9984 0.9984 1.00000 -0.87727 -0.00726 0.00309 -0.86885 0.99284 0.00989 0.00037 -0.00165 -0.00225 0.14287 -0.46846 0.00174 -0.00033 0.46651 0.1391 
567.00 14.393 284.648 0.12225 -0.46772 0.87988 17.16 0.9981 0.9981 1.00000 -0.88111 -0.00741 0.00352 -0.87185 0.99228 0.01060 -0.00010 -0.00190 -0.00209 0.12338 -0.46668 0.00183 0.00039 0.46516 0.1202 
565.29 14.197 282.520 0.10349 -0.46605 0.88317 16.81 0.9981 0.9981 1.00000 -0.88449 -0.00729 0.00318 -0.87496 0.99220 0.01059 0.00028 -0.00236 -0.00175 0.10471 -0.46498 0.00153 0.00043 0.46349 0.1015 
563.59 13.985 280.305 0.08421 -0.46318 0.88648 16.97 0.9981 0.9981 1.00000 -0.88777 -0.00753 0.00316 -0.87843 0.99237 0.01078 0.00007 -0.00262 -0.00067 0.08571 -0.46155 0.00158 0.00135 0.46127 0.0821 
561.89 13.784 278.085 0.06530 -0.45969 0.88931 17.03 0.9976 0.9976 1.00000 -0.89026 -0.00770 0.00344 -0.88124 0.99198 0.01052 -0.00063 -0.00248 0.00021 0.06707 -0.45787 0.00139 0.00129 0.45782 0.0630 
560.53 13.619 276.275 0.05017 -0.45624 0.89165 17.54 0.9980 0.9980 1.00000 -0.89278 -0.00767 0.00357 -0.88435 0.99307 0.01134 -0.00075 -0.00236 0.00045 0.05205 -0.45451 0.00139 0.00139 0.45482 0.0479 
558.83 13.422 273.981 0.03142 -0.45151 0.89426 17.99 0.9979 0.9979 1.00000 -0.89548 -0.00782 0.00324 -0.88726 0.99352 0.01214 -0.00077 -0.00230 0.00065 0.03357 -0.44989 0.00162 0.00083 0.45020 0.0291 
557.13 13.217 271.713 0.01334 -0.44600 0.89751 18.93 0.9986 0.9986 1.00000 -0.89895 -0.00767 0.00294 -0.89146 0.99485 0.01187 -0.00053 -0.00231 0.00010 0.01545 -0.44398 0.00192 0.00016 0.44572 0.0112 
555.43 13.019 269.296 -0.00540 -0.43981 0.90026 19.85 0.9986 0.9986 1.00000 -0.90127 -0.00804 0.00236 -0.89488 0.99515 0.01193 0.00021 -0.00199 -0.00054 -0.00359 -0.43817 0.00227 -0.00047 0.43932 -0.0072 
553.72 12.827 266.786 -0.02431 -0.43287 0.90268 20.89 0.9980 0.9981 1.00000 -0.90328 -0.00822 0.00160 -0.89724 0.99465 0.01277 0.00119 -0.00191 -0.00038 -0.02227 -0.43188 0.00214 -0.00095 0.43154 -0.0262 
552.02 12.636 264.244 -0.04288 -0.42540 0.90562 22.57 0.9984 0.9984 1.00000 -0.90651 -0.00823 0.00154 -0.90048 0.99531 0.01315 0.00144 -0.00196 0.00037 -0.04075 -0.42458 0.00255 -0.00232 0.42422 -0.0448 
550.32 12.454 261.626 -0.06143 -0.41734 0.90845 23.83 0.9982 0.9982 1.00000 -0.90891 -0.00825 0.00120 -0.90319 0.99471 0.01345 0.00224 -0.00202 0.00051 -0.05949 -0.41656 0.00185 -0.00276 0.41592 -0.0631 
548.62 12.290 258.989 -0.07955 -0.40885 0.91062 25.28 0.9982 0.9983 1.00000 -0.91071 -0.00822 0.00139 -0.90609 0.99512 0.01323 0.00203 -0.00170 -0.00021 -0.07704 -0.40828 0.00184 -0.00324 0.40742 -0.0817 
546.92 12.123 256.321 -0.09727 -0.39964 0.91324 26.57 0.9982 0.9983 1.00000 -0.91316 -0.00794 0.00080 -0.90863 0.99485 0.01254 0.00240 -0.00169 -0.00031 -0.09478 -0.39924 0.00125 -0.00262 0.39798 -0.0993 
545.22 11.977 253.633 -0.11464 -0.39034 0.91573 28.11 0.9984 0.9985 1.00000 -0.91564 -0.00807 0.00118 -0.91112 0.99486 0.01289 0.00165 -0.00178 -0.00047 -0.11173 -0.39028 0.00084 -0.00213 0.38839 -0.1170 
543.52 11.834 250.864 -0.13193 -0.38020 0.91821 28.63 0.9985 0.9985 1.00000 -0.91798 -0.00833 0.00139 -0.91338 0.99449 0.01274 0.00115 -0.00167 -0.00093 -0.12880 -0.38041 0.00063 -0.00212 0.37791 -0.1343 
542.16 11.721 248.529 -0.14602 -0.37123 0.91999 29.02 0.9979 0.9980 1.00000 -0.91929 -0.00875 0.00149 -0.91432 0.99308 0.01289 0.00122 -0.00122 -0.00064 -0.14261 -0.37149 -0.00006 -0.00082 0.36841 -0.1484 
540.46 11.575 245.727 -0.16199 -0.35923 0.92165 28.66 0.9970 0.9971 1.00000 -0.92014 -0.00865 0.00122 -0.91552 0.99172 0.01245 0.00098 -0.00114 -0.00069 -0.15878 -0.35885 0.00005 -0.00106 0.35662 -0.1639 
538.77 11.453 242.878 -0.17777 -0.34707 0.92284 27.83 0.9960 0.9960 1.00000 -0.92060 -0.00894 0.00116 -0.91590 0.99005 0.01206 0.00055 -0.00131 -0.00126 -0.17423 -0.34633 0.00027 -0.00099 0.34437 -0.1795 
537.07 11.322 239.962 -0.19299 -0.33375 0.92419 26.43 0.9961 0.9961 1.00000 -0.92276 -0.00887 0.00188 -0.91713 0.99080 0.01172 -0.00087 -0.00137 -0.00144 -0.18973 -0.33315 0.00081 -0.00125 0.33127 -0.1945 
535.37 11.198 237.014 -0.20763 -0.31989 0.92541 24.78 0.9963 0.9963 1.00000 -0.92406 -0.00877 0.00196 -0.91902 0.99164 0.01048 -0.00123 -0.00126 -0.00215 -0.20460 -0.31976 0.00081 -0.00252 0.31733 -0.2089 
533.67 11.087 234.043 -0.22180 -0.30577 0.92685 23.05 0.9965 0.9965 1.00000 -0.92625 -0.00859 0.00213 -0.92008 0.99206 0.01044 -0.00179 -0.00196 -0.00190 -0.21911 -0.30547 0.00079 -0.00311 0.30363 -0.2227 
531.97 11.001 231.014 -0.23567 -0.29118 0.92710 20.84 0.9960 0.9961 1.00000 -0.92682 -0.00858 0.00278 -0.92009 0.99212 0.01039 -0.00288 -0.00262 -0.00163 -0.23303 -0.29063 0.00112 -0.00408 0.28943 -0.2365 
530.27 10.917 227.922 -0.24917 -0.27597 0.92797 19.31 0.9957 0.9957 1.00000 -0.92713 -0.00772 0.00283 -0.92103 0.99162 0.00977 -0.00286 -0.00321 -0.00162 -0.24698 -0.27507 0.00093 -0.00439 0.27455 -0.2493 
528.58 10.827 224.791 -0.26160 -0.25969 0.92844 17.63 0.9953 0.9954 1.00000 -0.92766 -0.00777 0.00261 -0.92153 0.99171 0.01012 -0.00257 -0.00359 -0.00087 -0.25969 -0.25901 0.00055 -0.00371 0.25822 -0.2613 
526.88 10.749 221.549 -0.27391 -0.24276 0.92927 16.17 0.9960 0.9961 1.00000 -0.92938 -0.00729 0.00298 -0.92293 0.99329 0.01083 -0.00253 -0.00379 -0.00096 -0.27217 -0.24210 0.00005 -0.00460 0.24178 -0.2738 
525.52 10.692 218.964 -0.28317 -0.22902 0.93004 15.14 0.9967 0.9967 1.00000 -0.93083 -0.00672 0.00335 -0.92421 0.99459 0.01077 -0.00249 -0.00390 -0.00029 -0.28238 -0.22811 -0.00001 -0.00459 0.22868 -0.2824 
523.82 10.630 215.716 -0.29403 -0.21140 0.93072 14.27 0.9970 0.9970 1.00000 -0.93161 -0.00663 0.00301 -0.92547 0.99532 0.01097 -0.00189 -0.00387 0.00033 -0.29336 -0.21032 -0.00040 -0.00440 0.21150 -0.2933 
522.13 10.577 212.461 -0.30402 -0.19339 0.93115 13.53 0.9971 0.9972 1.00000 -0.93196 -0.00675 0.00302 -0.92648 0.99585 0.01131 -0.00247 -0.00388 0.00072 -0.30306 -0.19227 -0.00021 -0.00512 0.19371 -0.3037 
520.43 10.538 209.168 -0.31353 -0.17500 0.93170 13.11 0.9973 0.9973 1.00000 -0.93268 -0.00692 0.00266 -0.92702 0.99602 0.01145 -0.00291 -0.00388 0.00169 -0.31269 -0.17354 -0.00028 -0.00502 0.17576 -0.3131 
518.73 10.521 205.763 -0.32281 -0.15579 0.93170 13.05 0.9978 0.9979 1.00000 -0.93324 -0.00724 0.00263 -0.92772 0.99738 0.01183 -0.00362 -0.00352 0.00162 -0.32181 -0.15468 0.00011 -0.00541 0.15650 -0.3230 
517.04 10.517 202.283 -0.33167 -0.13591 0.93209 12.98 0.9974 0.9974 1.00000 -0.93268 -0.00730 0.00252 -0.92790 0.99614 0.01146 -0.00354 -0.00327 0.00194 -0.32966 -0.13484 0.00071 -0.00549 0.13646 -0.3324 
515.34 10.525 198.703 -0.33976 -0.11503 0.93199 13.19 0.9968 0.9968 1.00000 -0.93185 -0.00793 0.00214 -0.92735 0.99487 0.01224 -0.00320 -0.00253 0.00258 -0.33737 -0.11367 0.00066 -0.00476 0.11579 -0.3404 
513.64 10.544 195.193 -0.34671 -0.09415 0.93167 13.57 0.9962 0.9963 1.00000 -0.93101 -0.00820 0.00141 -0.92664 0.99388 0.01234 -0.00269 -0.00248 0.00271 -0.34431 -0.09264 0.00138 -0.00487 0.09509 -0.3470 
511.95 10.592 191.748 -0.35339 -0.07349 0.93138 14.06 0.9961 0.9961 1.00000 -0.93045 -0.00861 0.00178 -0.92601 0.99322 0.01324 -0.00258 -0.00215 0.00202 -0.35069 -0.07212 0.00175 -0.00463 0.07436 -0.3537 
510.25 10.636 188.295 -0.35874 -0.05230 0.93118 15.16 0.9965 0.9965 1.00000 -0.93063 -0.00898 0.00201 -0.92582 0.99364 0.01359 -0.00268 -0.00200 0.00288 -0.35633 -0.05153 0.00183 -0.00478 0.05274 -0.3589 
508.56 10.701 184.849 -0.36354 -0.03084 0.93091 16.18 0.9964 0.9964 1.00000 -0.92993 -0.00941 0.00178 -0.92526 0.99287 0.01299 -0.00201 -0.00191 0.00227 -0.36100 -0.03019 0.00165 -0.00478 0.03127 -0.3635 
507.20 10.764 182.119 -0.36695 -0.01358 0.93081 16.81 0.9961 0.9961 1.00000 -0.92936 -0.00976 0.00194 -0.92439 0.99154 0.01314 -0.00211 -0.00214 0.00274 -0.36421 -0.01256 0.00123 -0.00410 0.01448 -0.3666 
505.50 10.871 178.719 -0.37061 0.00829 0.92960 18.27 0.9954 0.9954 1.00000 -0.92709 -0.01033 0.00185 -0.92279 0.98998 0.01372 -0.00210 -0.00215 0.00286 -0.36787 0.00873 0.00106 -0.00441 -0.00776 -0.3696 
503.81 10.941 175.341 -0.37182 0.03030 0.92884 19.44 0.9950 0.9951 1.00000 -0.92564 -0.01019 0.00160 -0.92194 0.98912 0.01327 -0.00112 -0.00230 0.00331 -0.36983 0.03052 0.00019 -0.00402 -0.02975 -0.3698 
502.12 11.024 171.896 -0.37205 0.05297 0.92790 20.67 0.9951 0.9951 1.00000 -0.92456 -0.01002 0.00154 -0.92111 0.98909 0.01297 -0.00080 -0.00235 0.00427 -0.37089 0.05262 -0.00037 -0.00331 -0.05275 -0.3691 
500.42 11.128 168.534 -0.37181 0.07541 0.92708 22.04 0.9954 0.9955 1.00000 -0.92387 -0.00937 0.00199 -0.92024 0.98915 0.01258 -0.00128 -0.00226 0.00443 -0.37149 0.07515 -0.00088 -0.00327 -0.07486 -0.3681 
498.73 11.228 165.179 -0.36983 0.09786 0.92557 21.89 0.9954 0.9954 1.00000 -0.92209 -0.00886 0.00230 -0.91908 0.98923 0.01169 -0.00262 -0.00237 0.00504 -0.37057 0.09783 -0.00110 -0.00310 -0.09684 -0.3651 
497.03 11.330 161.824 -0.36662 0.12037 0.92429 21.62 0.9961 0.9961 1.00000 -0.92125 -0.00871 0.00227 -0.91855 0.99050 0.01127 -0.00311 -0.00227 0.00521 -0.36735 0.12035 -0.00193 -0.00224 -0.11924 -0.3624 
495.34 11.448 158.558 -0.36280 0.14248 0.92291 20.65 0.9972 0.9973 1.00000 -0.92029 -0.00886 0.00264 -0.91872 0.99262 0.01086 -0.00459 -0.00249 0.00520 -0.36406 0.14275 -0.00207 -0.00232 -0.14117 -0.3589 
493.64 11.574 155.425 -0.35824 0.16383 0.92140 19.45 0.9982 0.9983 1.00000 -0.91962 -0.00890 0.00300 -0.91802 0.99441 0.01074 -0.00558 -0.00247 0.00564 -0.35961 0.16454 -0.00160 -0.00246 -0.16221 -0.3549 
491.95 11.701 152.250 -0.35216 0.18528 0.91947 18.29 0.9990 0.9990 1.00000 -0.91816 -0.00880 0.00389 -0.91724 0.99614 0.01058 -0.00614 -0.00242 0.00534 -0.35341 0.18612 -0.00176 -0.00215 -0.18372 -0.3496 
490.60 11.787 149.714 -0.34600 0.20207 0.91823 17.44 0.9993 0.9993 1.00000 -0.91718 -0.00893 0.00444 -0.91622 0.99668 0.00984 -0.00692 -0.00227 0.00508 -0.34688 0.20343 -0.00153 -0.00142 -0.20004 -0.3440 
488.90 11.940 146.539 -0.33854 0.22375 0.91662 16.05 1.0008 1.0009 1.00000 -0.91682 -0.00899 0.00505 -0.91570 0.99921 0.00982 -0.00698 -0.00166 0.00460 -0.33973 0.22581 -0.00205 0.00010 -0.22150 -0.3371 
487.21 12.085 143.401 -0.32964 0.24480 0.91489 14.40 1.0013 1.0014 1.00000 -0.91543 -0.00932 0.00510 -0.91421 0.99986 0.00980 -0.00770 -0.00178 0.00499 -0.33040 0.24663 -0.00198 0.00168 -0.24294 -0.3288 
485.52 12.224 140.300 -0.31933 0.26511 0.91289 13.42 1.0018 1.0019 1.00000 -0.91387 -0.00913 0.00579 -0.91267 1.00082 0.00984 -0.00834 -0.00137 0.00438 -0.31982 0.26696 -0.00154 0.00169 -0.26349 -0.3191 
483.82 12.377 137.170 -0.30801 0.28552 0.91083 12.81 1.0022 1.0023 1.00000 -0.91208 -0.00954 0.00571 -0.91090 1.00144 0.00954 -0.00794 -0.00140 0.00465 -0.30822 0.28688 -0.00129 0.00178 -0.28457 -0.3082 
482.13 12.532 134.075 -0.29572 0.30542 0.90904 13.09 1.0026 1.0026 1.00000 -0.91014 -0.00968 0.00553 -0.90937 1.00156 0.00883 -0.00682 -0.00146 0.00370 -0.29532 0.30652 -0.00088 0.00196 -0.30481 -0.2966 
480.44 12.691 131.066 -0.28262 0.32436 0.90676 13.75 1.0022 1.0022 1.00000 -0.90717 -0.01016 0.00513 -0.90703 1.00075 0.00875 -0.00620 -0.00132 0.00441 -0.28219 0.32484 -0.00106 0.00213 -0.32413 -0.2833 
478.75 12.849 127.968 -0.26772 0.34306 0.90426 14.33 1.0013 1.0013 1.00000 -0.90364 -0.01035 0.00454 -0.90407 0.99910 0.00889 -0.00494 -0.00117 0.00435 -0.26726 0.34251 -0.00082 0.00202 -0.34330 -0.2679 
477.06 13.011 124.846 -0.25149 0.36123 0.90155 14.36 1.0004 1.0004 1.00000 -0.90013 -0.01048 0.00449 -0.90066 0.99744 0.00883 -0.00439 -0.00086 0.00486 -0.25148 0.36014 -0.00162 0.00232 -0.36140 -0.2509 
475.36 13.195 121.811 -0.23510 0.37902 0.89889 15.76 0.9992 0.9993 1.00000 -0.89623 -0.01014 0.00423 -0.89708 0.99503 0.00817 -0.00397 -0.00062 0.00555 -0.23549 0.37691 -0.00178 0.00258 -0.37925 -0.2336 
474.01 13.339 119.356 -0.22080 0.39255 0.89633 17.70 0.9981 0.9981 1.00000 -0.89279 -0.01010 0.00385 -0.89364 0.99304 0.00787 -0.00385 -0.00022 0.00543 -0.22105 0.39001 -0.00185 0.00214 -0.39235 -0.2190 
472.32 13.502 116.365 -0.20222 0.40800 0.89352 21.92 0.9977 0.9977 1.00000 -0.88961 -0.01005 0.00372 -0.89067 0.99244 0.00752 -0.00416 0.00007 0.00544 -0.20291 0.40507 -0.00216 0.00229 -0.40784 -0.2000 
470.63 13.677 113.382 -0.18292 0.42307 0.89095 26.23 0.9975 0.9975 1.00000 -0.88655 -0.00983 0.00343 -0.88808 0.99183 0.00812 -0.00325 0.00036 0.00561 -0.18392 0.42008 -0.00249 0.00303 -0.42260 -0.1804 
468.94 13.831 110.496 -0.16300 0.43607 0.88812 28.09 0.9967 0.9968 1.00000 -0.88260 -0.00993 0.00303 -0.88538 0.99070 0.00836 -0.00289 0.00031 0.00609 -0.16459 0.43288 -0.00252 0.00276 -0.43520 -0.1599 
467.25 13.983 107.521 -0.14154 0.44832 0.88549 30.33 0.9962 0.9962 1.00000 -0.87970 -0.00987 0.00346 -0.88225 0.98981 0.00896 -0.00279 0.00078 0.00618 -0.14318 0.44521 -0.00230 0.00293 -0.44686 -0.1385 
465.56 14.135 104.495 -0.11881 0.45957 0.88270 34.11 0.9954 0.9954 1.00000 -0.87608 -0.00978 0.00364 -0.87916 0.98849 0.00856 -0.00227 0.00108 0.00573 -0.12087 0.45636 -0.00265 0.00391 -0.45749 -0.1154 
463.87 14.269 101.577 -0.09610 0.46913 0.88061 41.93 0.9953 0.9954 1.00000 -0.87419 -0.01008 0.00396 -0.87671 0.98827 0.00781 -0.00256 0.00135 0.00605 -0.09826 0.46581 -0.00264 0.00522 -0.46695 -0.0928 
462.18 14.419 98.716 -0.07331 0.47820 0.87862 46.71 0.9957 0.9958 1.00000 -0.87215 -0.00976 0.00427 -0.87492 0.98843 0.00783 -0.00285 0.00203 0.00527 -0.07543 0.47467 -0.00290 0.00612 -0.47620 -0.0703 
460.49 14.533 95.859 -0.04974 0.48474 0.87668 44.52 0.9958 0.9958 1.00000 -0.86999 -0.00974 0.00419 -0.87337 0.98861 0.00702 -0.00302 0.00234 0.00565 -0.05194 0.48115 -0.00243 0.00668 -0.48280 -0.0470 
458.80 14.644 93.001 -0.02568 0.48986 0.87455 40.18 0.9958 0.9958 1.00000 -0.86801 -0.00947 0.00435 -0.87137 0.98887 0.00631 -0.00279 0.00303 0.00450 -0.02783 0.48642 -0.00229 0.00689 -0.48784 -0.0232 
457.11 14.740 90.130 -0.00112 0.49366 0.87322 39.50 0.9966 0.9966 1.00000 -0.86740 -0.00915 0.00436 -0.87036 0.99005 0.00621 -0.00221 0.00313 0.00456 -0.00327 0.49058 -0.00248 0.00794 -0.49183 0.0010 
455.76 14.823 87.859 0.01853 0.49565 0.87151 41.33 0.9962 0.9963 1.00000 -0.86502 -0.00973 0.00421 -0.86902 0.98969 0.00626 -0.00230 0.00321 0.00369 0.01683 0.49273 -0.00159 0.00791 -0.49347 0.0200 
454.07 14.910 85.018 0.04331 0.49677 0.87002 39.71 0.9960 0.9960 1.00000 -0.86296 -0.00971 0.00402 -0.86765 0.98917 0.00739 -0.00148 0.00332 0.00367 0.04192 0.49441 -0.00157 0.00792 -0.49376 0.0442 
452.38 15.001 82.135 0.06862 0.49678 0.86854 32.68 0.9961 0.9961 1.00000 -0.86133 -0.00971 0.00474 -0.86643 0.98928 0.00782 -0.00202 0.00356 0.00236 0.06692 0.49396 -0.00116 0.00757 -0.49426 0.0696 
450.69 15.085 79.258 0.09401 0.49556 0.86766 25.62 0.9969 0.9969 1.00000 -0.86096 -0.00954 0.00538 -0.86584 0.99017 0.00821 -0.00244 0.00375 0.00220 0.09276 0.49272 -0.00129 0.00723 -0.49353 0.0943 
449.00 15.155 76.513 0.11812 0.49251 0.86639 23.22 0.9959 0.9959 1.00000 -0.85883 -0.00951 0.00545 -0.86367 0.98813 0.00838 -0.00280 0.00379 0.00164 0.11676 0.48822 -0.00158 0.00754 -0.49095 0.1181 
447.31 15.210 73.707 0.14261 0.48791 0.86570 22.68 0.9959 0.9960 1.00000 -0.85743 -0.00924 0.00510 -0.86353 0.98794 0.00793 -0.00233 0.00346 0.00162 0.14130 0.48272 -0.00208 0.00754 -0.48722 0.1422 
445.63 15.242 70.873 0.16717 0.48205 0.86671 19.55 0.9972 0.9973 1.00000 -0.85900 -0.00970 0.00440 -0.86462 0.98869 0.00920 -0.00106 0.00336 0.00113 0.16449 0.47654 -0.00196 0.01005 -0.48210 0.1680 
443.94 15.272 68.096 0.19069 0.47425 0.86621 15.58 0.9979 0.9980 1.00000 -0.85938 -0.00911 0.00348 -0.86444 0.99007 0.00832 -0.00025 0.00291 0.00110 0.18819 0.46949 -0.00164 0.01077 -0.47431 0.1913 
442.25 15.303 65.301 0.21412 0.46556 0.86627 13.26 0.9983 0.9984 1.00000 -0.85928 -0.00904 0.00298 -0.86476 0.99018 0.00811 0.00072 0.00240 0.00111 0.21151 0.46021 -0.00155 0.01230 -0.46633 0.2146 
440.56 15.299 62.570 0.23621 0.45511 0.86711 12.90 0.9989 0.9990 1.00000 -0.86027 -0.00891 0.00300 -0.86569 0.99047 0.00773 0.00055 0.00229 0.00128 0.23330 0.44902 -0.00205 0.01367 -0.45685 0.2369 
439.21 15.289 60.431 0.25271 0.44541 0.86667 12.17 0.9986 0.9986 1.00000 -0.85931 -0.00860 0.00333 -0.86582 0.99052 0.00629 0.00097 0.00219 0.00215 0.24950 0.43954 -0.00249 0.01466 -0.44706 0.2535 
437.53 15.264 57.767 0.27227 0.43180 0.86565 10.20 0.9977 0.9977 1.00000 -0.85729 -0.00808 0.00402 -0.86567 0.99037 0.00379 0.00162 0.00206 0.00379 0.26858 0.42654 -0.00319 0.01593 -0.43290 0.2733 
435.84 15.223 55.102 0.29069 0.41673 0.86446 8.30 0.9968 0.9968 1.00000 -0.85504 -0.00746 0.00501 -0.86590 0.99077 0.00049 0.00240 0.00192 0.00608 0.28648 0.41264 -0.00404 0.01727 -0.41697 0.2922 
434.15 15.166 52.396 0.30798 0.39986 0.86258 7.16 0.9950 0.9951 1.00000 -0.85154 -0.00671 0.00629 -0.86547 0.99055 -0.00360 0.00331 0.00176 0.00896 0.30308 0.39727 -0.00504 0.01863 -0.39868 0.3100 
432.47 15.095 49.645 0.32413 0.38146 0.86040 6.08 0.9930 0.9931 1.00000 -0.84754 -0.00584 0.00788 -0.86515 0.99058 -0.00849 0.00435 0.00159 0.01247 0.31847 0.38084 -0.00619 0.02005 -0.37848 0.3267 
430.78 15.028 47.387 0.33617 0.36542 0.85809 4.61 0.9908 0.9909 1.00000 -0.84332 -0.00505 0.00937 -0.86429 0.99000 -0.01296 0.00527 0.00144 0.01573 0.32975 0.36661 -0.00722 0.02122 -0.36058 0.3392 

# MINIMA:
430.78 10.517 1.439 -0.37205 -0.46967 0.72072 4.61 0.9908 0.9909 1.00000 -0.93324 -0.01048 -0.00340 -0.92790 0.98548 -0.01296 -0.00834 -0.00682 -0.00576 -0.37149 -0.46895 -0.00722 -0.00549 -0.52008 -0.3698 

# MAXIMA:
848.50 22.022 359.698 0.69367 0.52161 0.93232 46.71 1.0026 1.0026 1.00000 -0.72324 0.00262 0.00937 -0.71670 1.00156 0.01372 0.00665 0.00379 0.01573 0.69884 0.52141 0.00322 0.02122 0.46703 0.6859 

# PEAKS:

# END SPECTRUM

