## SPECTRUM TYPE:
LCE

## DATE:
5/11/2025

## COMMENTS:

## NUMBER OF SPECTRUM:
1

## ELLIPSOMETRIC CONFIGURATION:
0.00 ø :Modulator
+45.00 øAnalyser

## UNIT:
nm

## SPOT SIZE:



# SPECTRUM:
1

# CAPTION:


# START TIME:
19:30:38

# END TIME:
19:30:38

# THETA ANGLE:
0.00 ø

# INCIDENCE ANGLE:
65.00 ø

# ACCUMULATION NUMBER:
25

# ELLIPSOMETRIC CONFIGURATION:
0.00 ø :Modulator
+45.00 øAnalyser

# INTEGRATION TIME:
9 ms

# FIRST POINT:
997.66 nm

# LAST POINT:
439.96 nm

# INCREMENT:
0.00 nm

# NUMBER OF POINTS:
200

# DATA:
nm Psi Delta Ic Is Reflectance Transmission IcPrim IntegrationTime IntensityMax Polarization PolarizationGen Mueller11 Mueller12 Mueller13 Mueller14 Mueller21 Mueller22 Mueller23 Mueller24 Mueller31 Mueller32 Mueller33 Mueller34 Mueller41 Mueller42 Mueller43 Mueller44 eV 
997.6623 43.406 137.365 -0.70453 0.64864 0.860 0.0000 0.05333 9.0000 3.80 0.9362 0.9371 1.0000 -0.0398 -0.0264 0.0276 -0.0620 0.9096 0.0329 -0.0009 0.0331 0.0567 -0.6520 0.6183 -0.0027 0.0026 -0.6204 -0.6934 1.242747 
994.8812 43.408 137.043 -0.70106 0.65277 0.902 0.0000 0.05328 9.0000 4.07 0.9397 0.9405 1.0000 -0.0418 -0.0243 0.0251 -0.0603 0.9166 0.0359 -0.0015 0.0297 0.0532 -0.6472 0.6309 -0.0093 -0.0049 -0.6202 -0.6964 1.246221 
992.4958 43.413 136.813 -0.69884 0.65595 0.888 0.0000 0.05317 9.0000 4.17 0.9425 0.9434 1.0000 -0.0431 -0.0224 0.0232 -0.0590 0.9219 0.0379 -0.0015 0.0274 0.0510 -0.6447 0.6388 -0.0131 -0.0095 -0.6219 -0.6984 1.249216 
990.1091 43.419 136.628 -0.69719 0.65866 0.860 0.0000 0.05298 9.0000 4.34 0.9450 0.9458 1.0000 -0.0440 -0.0204 0.0216 -0.0581 0.9265 0.0395 -0.0011 0.0257 0.0495 -0.6435 0.6438 -0.0152 -0.0123 -0.6251 -0.6996 1.252228 
987.3229 43.433 136.339 -0.69660 0.66478 0.882 0.0000 0.05271 9.0000 4.57 0.9498 0.9505 1.0000 -0.0444 -0.0158 0.0198 -0.0574 0.9328 0.0409 0.0022 0.0240 0.0482 -0.6456 0.6466 -0.0130 -0.0080 -0.6383 -0.7008 1.255761 
984.9332 43.454 136.467 -0.69418 0.65952 0.892 0.0000 0.05173 9.0000 4.76 0.9475 0.9483 1.0000 -0.0428 -0.0143 0.0187 -0.0572 0.9334 0.0449 -0.0003 0.0253 0.0488 -0.6459 0.6383 -0.0138 -0.0162 -0.6367 -0.6962 1.258808 
982.5420 43.454 136.425 -0.69368 0.66001 0.853 0.0000 0.05172 9.0000 4.88 0.9456 0.9463 1.0000 -0.0436 -0.0169 0.0181 -0.0562 0.9296 0.0396 0.0017 0.0227 0.0475 -0.6476 0.6349 -0.0124 -0.0143 -0.6387 -0.6909 1.261872 
979.7505 43.600 136.285 -0.69091 0.66060 0.879 0.0000 0.04674 9.0000 4.97 0.9463 0.9470 1.0000 -0.0402 -0.0161 0.0195 -0.0501 0.9329 0.0334 0.0042 0.0225 0.0508 -0.6476 0.6352 -0.0078 -0.0094 -0.6417 -0.6879 1.265467 
977.3562 43.698 136.467 -0.69030 0.65583 0.887 0.0000 0.04330 9.0000 5.17 0.9466 0.9472 1.0000 -0.0371 -0.0154 0.0197 -0.0468 0.9372 0.0322 0.0005 0.0243 0.0513 -0.6498 0.6306 -0.0072 -0.0096 -0.6399 -0.6875 1.268567 
974.9604 43.686 136.466 -0.68986 0.65545 0.878 0.0000 0.04367 9.0000 5.60 0.9438 0.9444 1.0000 -0.0374 -0.0147 0.0182 -0.0470 0.9321 0.0308 0.0000 0.0204 0.0458 -0.6489 0.6276 -0.0058 -0.0073 -0.6387 -0.6840 1.271684 
972.1634 43.705 136.419 -0.69041 0.65704 0.867 0.0000 0.04312 9.0000 5.69 0.9459 0.9464 1.0000 -0.0363 -0.0150 0.0202 -0.0471 0.9349 0.0305 0.0023 0.0185 0.0456 -0.6495 0.6300 -0.0021 -0.0003 -0.6413 -0.6864 1.275343 
969.7643 43.700 136.588 -0.68980 0.65258 0.890 0.0000 0.04312 9.0000 5.99 0.9409 0.9414 1.0000 -0.0374 -0.0202 0.0160 -0.0457 0.9281 0.0269 -0.0054 0.0224 0.0420 -0.6496 0.6269 0.0006 0.0012 -0.6314 -0.6804 1.278498 
967.3636 43.708 136.582 -0.68997 0.65288 0.894 0.0000 0.04288 9.0000 6.34 0.9401 0.9406 1.0000 -0.0373 -0.0195 0.0164 -0.0453 0.9261 0.0291 -0.0023 0.0211 0.0390 -0.6499 0.6308 0.0011 0.0039 -0.6268 -0.6791 1.281671 
964.5610 43.706 136.560 -0.69283 0.65609 0.891 0.0000 0.04313 9.0000 6.36 0.9446 0.9451 1.0000 -0.0384 -0.0209 0.0175 -0.0449 0.9313 0.0260 -0.0011 0.0194 0.0385 -0.6536 0.6376 0.0014 0.0083 -0.6295 -0.6844 1.285395 
962.1569 43.657 136.492 -0.69539 0.66008 0.882 0.0000 0.04499 9.0000 6.56 0.9466 0.9471 1.0000 -0.0404 -0.0207 0.0171 -0.0464 0.9307 0.0266 -0.0022 0.0210 0.0398 -0.6557 0.6408 0.0018 0.0112 -0.6336 -0.6869 1.288607 
959.7513 43.687 136.204 -0.69428 0.66570 0.896 0.0000 0.04413 9.0000 6.94 0.9492 0.9497 1.0000 -0.0393 -0.0193 0.0154 -0.0460 0.9332 0.0299 -0.0010 0.0211 0.0379 -0.6551 0.6471 0.0029 0.0153 -0.6398 -0.6871 1.291837 
956.9427 43.617 136.154 -0.69474 0.66729 0.894 0.0000 0.04653 9.0000 7.15 0.9485 0.9491 1.0000 -0.0404 -0.0208 0.0155 -0.0494 0.9303 0.0346 -0.0026 0.0248 0.0418 -0.6550 0.6491 -0.0006 0.0093 -0.6390 -0.6860 1.295628 
954.5336 43.574 136.180 -0.69552 0.66746 0.897 0.0000 0.04804 9.0000 7.56 0.9489 0.9494 1.0000 -0.0423 -0.0233 0.0161 -0.0505 0.9302 0.0331 -0.0030 0.0236 0.0384 -0.6561 0.6507 -0.0046 0.0036 -0.6376 -0.6864 1.298898 
952.1228 43.556 136.006 -0.69598 0.67196 0.915 0.0000 0.04880 9.0000 7.66 0.9500 0.9505 1.0000 -0.0433 -0.0248 0.0158 -0.0508 0.9292 0.0311 -0.0023 0.0207 0.0382 -0.6558 0.6543 -0.0068 0.0021 -0.6420 -0.6869 1.302187 
949.3082 43.535 135.796 -0.69695 0.67783 0.882 0.0000 0.04976 9.0000 7.64 0.9525 0.9530 1.0000 -0.0450 -0.0261 0.0178 -0.0511 0.9295 0.0281 0.0006 0.0214 0.0379 -0.6566 0.6611 -0.0065 0.0034 -0.6469 -0.6881 1.306048 
946.8937 43.464 135.719 -0.69824 0.68092 0.894 0.0000 0.05234 9.0000 8.04 0.9527 0.9531 1.0000 -0.0474 -0.0253 0.0177 -0.0534 0.9268 0.0289 -0.0002 0.0223 0.0372 -0.6567 0.6634 -0.0062 0.0036 -0.6486 -0.6886 1.309378 
944.4776 43.395 135.586 -0.69819 0.68406 0.909 0.0000 0.05481 9.0000 8.19 0.9512 0.9517 1.0000 -0.0511 -0.0258 0.0166 -0.0542 0.9215 0.0266 -0.0012 0.0233 0.0370 -0.6553 0.6648 -0.0055 0.0044 -0.6496 -0.6863 1.312728 
941.6566 43.384 135.515 -0.69818 0.68573 0.899 0.0000 0.05525 9.0000 8.50 0.9536 0.9540 1.0000 -0.0522 -0.0248 0.0170 -0.0542 0.9253 0.0273 0.0016 0.0205 0.0340 -0.6569 0.6681 -0.0035 0.0099 -0.6521 -0.6873 1.316660 
939.2368 43.393 135.384 -0.69648 0.68721 0.909 0.0000 0.05494 9.0000 8.67 0.9554 0.9558 1.0000 -0.0526 -0.0252 0.0172 -0.0534 0.9291 0.0263 0.0007 0.0194 0.0305 -0.6557 0.6718 -0.0017 0.0101 -0.6539 -0.6879 1.320052 
936.4113 43.347 135.265 -0.69637 0.68996 0.915 0.0000 0.05663 9.0000 9.06 0.9559 0.9562 1.0000 -0.0534 -0.0236 0.0180 -0.0558 0.9283 0.0253 0.0043 0.0143 0.0251 -0.6554 0.6734 0.0003 0.0120 -0.6571 -0.6873 1.324036 
933.9876 43.410 135.211 -0.69356 0.68848 0.899 0.0000 0.05429 9.0000 9.15 0.9563 0.9566 1.0000 -0.0521 -0.0229 0.0165 -0.0528 0.9322 0.0233 0.0012 0.0134 0.0252 -0.6550 0.6717 0.0012 0.0124 -0.6586 -0.6851 1.327471 
931.5621 43.411 134.997 -0.69202 0.69210 0.901 0.0000 0.05435 9.0000 9.41 0.9581 0.9584 1.0000 -0.0521 -0.0212 0.0150 -0.0531 0.9345 0.0230 0.0006 0.0116 0.0243 -0.6555 0.6759 0.0017 0.0148 -0.6629 -0.6832 1.330928 
928.7301 43.457 134.653 -0.68786 0.69624 0.915 0.0000 0.05275 9.0000 9.88 0.9586 0.9589 1.0000 -0.0503 -0.0205 0.0143 -0.0519 0.9356 0.0215 0.0010 0.0122 0.0247 -0.6515 0.6798 0.0026 0.0147 -0.6678 -0.6799 1.334986 
926.3006 43.519 134.551 -0.68415 0.69496 0.900 0.0000 0.05046 9.0000 9.81 0.9590 0.9592 1.0000 -0.0481 -0.0199 0.0148 -0.0498 0.9400 0.0218 0.0010 0.0135 0.0293 -0.6502 0.6786 0.0003 0.0109 -0.6696 -0.6770 1.338488 
923.8693 43.555 134.611 -0.68249 0.69181 0.915 0.0000 0.04906 9.0000 10.42 0.9582 0.9585 1.0000 -0.0462 -0.0204 0.0156 -0.0491 0.9418 0.0225 0.0005 0.0126 0.0276 -0.6503 0.6761 -0.0009 0.0070 -0.6673 -0.6750 1.342010 
921.0304 43.564 134.459 -0.67925 0.69219 0.919 0.0000 0.04867 9.0000 10.40 0.9577 0.9580 1.0000 -0.0467 -0.0197 0.0151 -0.0479 0.9429 0.0218 -0.0033 0.0131 0.0285 -0.6470 0.6763 -0.0025 0.0018 -0.6685 -0.6727 1.346147 
918.5950 43.596 134.413 -0.67825 0.69229 0.901 0.0000 0.04752 9.0000 10.74 0.9571 0.9574 1.0000 -0.0454 -0.0207 0.0155 -0.0469 0.9423 0.0191 -0.0040 0.0163 0.0314 -0.6476 0.6757 -0.0035 0.0002 -0.6690 -0.6698 1.349716 
916.1577 43.614 134.227 -0.67447 0.69291 0.901 0.0000 0.04681 9.0000 10.24 0.9550 0.9553 1.0000 -0.0447 -0.0196 0.0152 -0.0461 0.9401 0.0199 -0.0060 0.0184 0.0341 -0.6431 0.6766 -0.0040 -0.0002 -0.6677 -0.6654 1.353306 
913.3118 43.675 134.007 -0.67033 0.69398 0.923 0.0000 0.04465 9.0000 11.24 0.9541 0.9545 1.0000 -0.0426 -0.0188 0.0161 -0.0440 0.9404 0.0200 -0.0073 0.0208 0.0376 -0.6388 0.6789 -0.0039 0.0009 -0.6677 -0.6620 1.357523 
910.8703 43.741 134.013 -0.66892 0.69238 0.910 0.0000 0.04235 9.0000 11.32 0.9545 0.9549 1.0000 -0.0403 -0.0185 0.0161 -0.0420 0.9436 0.0208 -0.0085 0.0211 0.0386 -0.6380 0.6793 -0.0032 0.0029 -0.6664 -0.6621 1.361162 
908.4269 43.766 133.914 -0.66642 0.69218 0.910 0.0000 0.04141 9.0000 11.52 0.9537 0.9541 1.0000 -0.0399 -0.0175 0.0150 -0.0406 0.9438 0.0214 -0.0117 0.0211 0.0377 -0.6356 0.6791 -0.0026 0.0025 -0.6664 -0.6598 1.364823 
905.5737 43.766 133.866 -0.66516 0.69202 0.926 0.0000 0.04138 9.0000 11.58 0.9520 0.9524 1.0000 -0.0394 -0.0179 0.0156 -0.0410 0.9411 0.0218 -0.0117 0.0209 0.0373 -0.6332 0.6790 -0.0027 0.0026 -0.6643 -0.6580 1.369123 
903.1259 43.785 133.732 -0.66276 0.69278 0.920 0.0000 0.04069 9.0000 12.04 0.9509 0.9513 1.0000 -0.0389 -0.0193 0.0147 -0.0401 0.9400 0.0196 -0.0137 0.0211 0.0377 -0.6301 0.6796 -0.0033 0.0028 -0.6644 -0.6557 1.372834 
900.6761 43.794 133.562 -0.66031 0.69431 0.928 0.0000 0.04035 9.0000 12.13 0.9497 0.9501 1.0000 -0.0374 -0.0205 0.0133 -0.0409 0.9380 0.0183 -0.0131 0.0214 0.0383 -0.6272 0.6809 -0.0040 0.0029 -0.6646 -0.6525 1.376568 
897.8156 43.811 133.390 -0.65674 0.69472 0.925 0.0000 0.03971 9.0000 12.34 0.9478 0.9483 1.0000 -0.0359 -0.0206 0.0116 -0.0410 0.9364 0.0204 -0.0126 0.0206 0.0389 -0.6230 0.6791 -0.0047 0.0014 -0.6662 -0.6487 1.380954 
895.3613 43.806 133.420 -0.65623 0.69347 0.926 0.0000 0.03981 9.0000 12.93 0.9479 0.9483 1.0000 -0.0367 -0.0218 0.0116 -0.0404 0.9377 0.0207 -0.0117 0.0206 0.0383 -0.6230 0.6771 -0.0051 0.0000 -0.6666 -0.6487 1.384739 
892.9051 43.762 133.374 -0.65655 0.69492 0.952 0.0000 0.04135 9.0000 12.91 0.9482 0.9486 1.0000 -0.0381 -0.0224 0.0111 -0.0420 0.9371 0.0219 -0.0099 0.0191 0.0360 -0.6233 0.6782 -0.0038 0.0008 -0.6679 -0.6485 1.388548 
890.0368 43.699 133.289 -0.65538 0.69574 0.940 0.0000 0.04343 9.0000 13.60 0.9474 0.9478 1.0000 -0.0395 -0.0243 0.0118 -0.0445 0.9354 0.0226 -0.0086 0.0195 0.0356 -0.6217 0.6776 -0.0037 -0.0001 -0.6689 -0.6468 1.393023 
887.5759 43.631 133.215 -0.65578 0.69796 0.933 0.0000 0.04581 9.0000 13.30 0.9464 0.9468 1.0000 -0.0408 -0.0249 0.0125 -0.0476 0.9315 0.0249 -0.0055 0.0198 0.0360 -0.6218 0.6778 -0.0036 0.0006 -0.6703 -0.6448 1.396885 
885.1130 43.604 133.029 -0.65350 0.70008 0.934 0.0000 0.04671 9.0000 13.74 0.9464 0.9468 1.0000 -0.0415 -0.0254 0.0124 -0.0488 0.9315 0.0267 -0.0036 0.0193 0.0356 -0.6205 0.6803 -0.0035 0.0016 -0.6719 -0.6417 1.400772 
882.2369 43.550 132.864 -0.65386 0.70452 0.951 0.0000 0.04869 9.0000 14.00 0.9486 0.9490 1.0000 -0.0431 -0.0252 0.0134 -0.0509 0.9324 0.0289 -0.0016 0.0187 0.0350 -0.6209 0.6848 -0.0021 0.0031 -0.6766 -0.6426 1.405339 
879.7693 43.487 132.818 -0.65500 0.70690 0.926 0.0000 0.05096 9.0000 14.55 0.9506 0.9511 1.0000 -0.0455 -0.0246 0.0139 -0.0531 0.9341 0.0308 -0.0010 0.0184 0.0340 -0.6227 0.6878 -0.0014 0.0030 -0.6795 -0.6442 1.409281 
877.2994 43.424 132.635 -0.65536 0.71183 0.935 0.0000 0.05327 9.0000 15.07 0.9530 0.9534 1.0000 -0.0479 -0.0230 0.0142 -0.0551 0.9350 0.0320 -0.0014 0.0175 0.0328 -0.6236 0.6932 -0.0007 0.0038 -0.6842 -0.6445 1.413248 
874.4153 43.353 132.453 -0.65383 0.71471 0.928 0.0000 0.05574 9.0000 15.04 0.9527 0.9531 1.0000 -0.0499 -0.0231 0.0163 -0.0579 0.9333 0.0341 -0.0015 0.0171 0.0310 -0.6215 0.6961 -0.0009 0.0023 -0.6856 -0.6425 1.417910 
871.9407 43.337 132.306 -0.65172 0.71607 0.936 0.0000 0.05626 9.0000 15.82 0.9529 0.9533 1.0000 -0.0507 -0.0224 0.0179 -0.0581 0.9340 0.0361 -0.0012 0.0169 0.0298 -0.6197 0.6978 -0.0021 0.0002 -0.6871 -0.6407 1.421934 
869.4639 43.340 132.097 -0.64973 0.71915 0.944 0.0000 0.05623 9.0000 16.17 0.9541 0.9545 1.0000 -0.0504 -0.0209 0.0179 -0.0584 0.9357 0.0365 -0.0008 0.0164 0.0298 -0.6191 0.7015 -0.0024 0.0008 -0.6905 -0.6386 1.425984 
866.5714 43.323 132.039 -0.64831 0.71902 0.933 0.0000 0.05673 9.0000 15.95 0.9546 0.9551 1.0000 -0.0512 -0.0195 0.0188 -0.0587 0.9377 0.0392 -0.0022 0.0160 0.0288 -0.6182 0.7025 -0.0026 -0.0009 -0.6907 -0.6380 1.430744 
864.0897 43.375 131.935 -0.64597 0.71905 0.937 0.0000 0.05490 9.0000 16.43 0.9556 0.9560 1.0000 -0.0504 -0.0182 0.0189 -0.0562 0.9413 0.0388 -0.0032 0.0151 0.0276 -0.6174 0.7032 -0.0030 -0.0025 -0.6927 -0.6365 1.434853 
861.6057 43.415 131.853 -0.64452 0.71951 0.937 0.0000 0.05351 9.0000 16.70 0.9560 0.9564 1.0000 -0.0489 -0.0181 0.0190 -0.0550 0.9429 0.0378 -0.0038 0.0153 0.0278 -0.6172 0.7047 -0.0022 -0.0012 -0.6932 -0.6350 1.438990 
858.7048 43.467 131.739 -0.64090 0.71836 0.949 0.0000 0.05155 9.0000 17.16 0.9550 0.9554 1.0000 -0.0468 -0.0179 0.0209 -0.0534 0.9441 0.0393 -0.0028 0.0164 0.0287 -0.6136 0.7035 -0.0012 0.0002 -0.6931 -0.6323 1.443851 
856.2158 43.514 131.598 -0.63790 0.71853 0.944 0.0000 0.04988 9.0000 17.88 0.9538 0.9543 1.0000 -0.0449 -0.0177 0.0208 -0.0520 0.9437 0.0406 -0.0022 0.0165 0.0288 -0.6103 0.7037 -0.0002 0.0020 -0.6929 -0.6296 1.448048 
853.7244 43.577 131.517 -0.63536 0.71771 0.949 0.0000 0.04764 9.0000 17.94 0.9537 0.9542 1.0000 -0.0430 -0.0174 0.0205 -0.0497 0.9458 0.0403 -0.0017 0.0162 0.0292 -0.6090 0.7036 0.0006 0.0035 -0.6929 -0.6272 1.452274 
850.8148 43.615 131.482 -0.63449 0.71760 0.943 0.0000 0.04634 9.0000 18.26 0.9536 0.9541 1.0000 -0.0417 -0.0180 0.0196 -0.0484 0.9462 0.0402 -0.0024 0.0166 0.0300 -0.6085 0.7042 0.0013 0.0044 -0.6924 -0.6263 1.457241 
848.3182 43.617 131.411 -0.63324 0.71799 0.951 0.0000 0.04625 9.0000 18.53 0.9529 0.9533 1.0000 -0.0416 -0.0182 0.0189 -0.0484 0.9453 0.0404 -0.0021 0.0175 0.0305 -0.6075 0.7036 0.0023 0.0058 -0.6931 -0.6243 1.461529 
845.8193 43.628 131.305 -0.63267 0.72001 0.940 0.0000 0.04593 9.0000 19.06 0.9528 0.9533 1.0000 -0.0403 -0.0180 0.0175 -0.0490 0.9440 0.0416 -0.0025 0.0182 0.0316 -0.6072 0.7053 0.0033 0.0078 -0.6944 -0.6227 1.465847 
842.9009 43.619 131.147 -0.62981 0.72078 0.954 0.0000 0.04616 9.0000 19.55 0.9513 0.9518 1.0000 -0.0402 -0.0193 0.0165 -0.0495 0.9422 0.0428 -0.0032 0.0188 0.0317 -0.6043 0.7050 0.0036 0.0076 -0.6949 -0.6190 1.470923 
840.3967 43.579 131.114 -0.62943 0.72116 0.942 0.0000 0.04752 9.0000 20.23 0.9505 0.9510 1.0000 -0.0406 -0.0199 0.0161 -0.0516 0.9404 0.0455 -0.0026 0.0189 0.0322 -0.6044 0.7047 0.0026 0.0062 -0.6946 -0.6169 1.475305 
837.8901 43.549 131.016 -0.62898 0.72315 0.945 0.0000 0.04858 9.0000 20.38 0.9512 0.9518 1.0000 -0.0417 -0.0207 0.0150 -0.0526 0.9407 0.0453 -0.0032 0.0181 0.0315 -0.6050 0.7068 0.0025 0.0059 -0.6966 -0.6157 1.479719 
834.9625 43.473 130.877 -0.62880 0.72650 0.943 0.0000 0.05126 9.0000 21.34 0.9523 0.9528 1.0000 -0.0436 -0.0223 0.0143 -0.0559 0.9404 0.0455 -0.0031 0.0182 0.0318 -0.6059 0.7100 0.0027 0.0054 -0.6997 -0.6142 1.484907 
832.4505 43.451 130.673 -0.62690 0.72953 0.940 0.0000 0.05206 9.0000 21.29 0.9532 0.9537 1.0000 -0.0447 -0.0233 0.0138 -0.0563 0.9412 0.0440 -0.0022 0.0176 0.0311 -0.6050 0.7126 0.0023 0.0048 -0.7035 -0.6119 1.489388 
829.9360 43.409 130.547 -0.62573 0.73141 0.932 0.0000 0.05353 9.0000 22.04 0.9539 0.9544 1.0000 -0.0462 -0.0241 0.0138 -0.0578 0.9420 0.0432 -0.0023 0.0168 0.0304 -0.6050 0.7144 0.0023 0.0040 -0.7060 -0.6101 1.493901 
826.9992 43.332 130.334 -0.62336 0.73416 0.935 0.0000 0.05614 9.0000 22.57 0.9542 0.9547 1.0000 -0.0487 -0.0245 0.0145 -0.0603 0.9418 0.0442 -0.0021 0.0170 0.0295 -0.6029 0.7166 0.0026 0.0039 -0.7089 -0.6075 1.499206 
824.4792 43.286 130.132 -0.62094 0.73655 0.934 0.0000 0.05772 9.0000 22.63 0.9546 0.9551 1.0000 -0.0506 -0.0241 0.0150 -0.0615 0.9424 0.0442 -0.0015 0.0154 0.0279 -0.6008 0.7194 0.0031 0.0039 -0.7112 -0.6053 1.503788 
821.9566 43.242 129.923 -0.61914 0.73989 0.926 0.0000 0.05929 9.0000 23.74 0.9561 0.9566 1.0000 -0.0521 -0.0237 0.0151 -0.0631 0.9439 0.0432 -0.0014 0.0153 0.0282 -0.6001 0.7238 0.0034 0.0045 -0.7145 -0.6035 1.508403 
819.0103 43.216 129.711 -0.61726 0.74321 0.930 0.0000 0.06023 9.0000 24.54 0.9576 0.9581 1.0000 -0.0534 -0.0230 0.0160 -0.0638 0.9457 0.0418 -0.0008 0.0150 0.0286 -0.5989 0.7286 0.0034 0.0043 -0.7175 -0.6021 1.513829 
816.4821 43.193 129.491 -0.61503 0.74634 0.915 0.0000 0.06109 9.0000 24.82 0.9582 0.9587 1.0000 -0.0547 -0.0221 0.0165 -0.0642 0.9460 0.0416 -0.0007 0.0151 0.0292 -0.5963 0.7320 0.0040 0.0054 -0.7203 -0.6005 1.518517 
813.9513 43.214 129.324 -0.61304 0.74834 0.926 0.0000 0.06040 9.0000 25.37 0.9588 0.9593 1.0000 -0.0540 -0.0205 0.0167 -0.0636 0.9470 0.0422 -0.0003 0.0157 0.0303 -0.5946 0.7345 0.0046 0.0071 -0.7225 -0.5990 1.523238 
810.9953 43.243 129.125 -0.60984 0.74973 0.915 0.0000 0.05936 9.0000 26.04 0.9586 0.9591 1.0000 -0.0535 -0.0200 0.0167 -0.0621 0.9476 0.0413 -0.0015 0.0160 0.0307 -0.5912 0.7366 0.0053 0.0083 -0.7236 -0.5965 1.528790 
808.4587 43.266 129.075 -0.60847 0.74938 0.904 0.0000 0.05851 9.0000 26.14 0.9581 0.9586 1.0000 -0.0530 -0.0194 0.0170 -0.0610 0.9476 0.0413 -0.0018 0.0161 0.0308 -0.5898 0.7364 0.0043 0.0067 -0.7231 -0.5953 1.533587 
805.4960 43.322 128.907 -0.60576 0.75053 0.899 0.0000 0.05656 9.0000 27.80 0.9585 0.9590 1.0000 -0.0514 -0.0189 0.0167 -0.0589 0.9493 0.0412 -0.0024 0.0157 0.0314 -0.5879 0.7379 0.0037 0.0068 -0.7252 -0.5930 1.539228 
802.9537 43.364 128.769 -0.60361 0.75158 0.891 0.0000 0.05510 9.0000 27.68 0.9585 0.9590 1.0000 -0.0499 -0.0192 0.0159 -0.0576 0.9499 0.0407 -0.0027 0.0165 0.0323 -0.5857 0.7390 0.0042 0.0086 -0.7265 -0.5913 1.544101 
800.4086 43.424 128.672 -0.60143 0.75145 0.886 0.0000 0.05301 9.0000 27.80 0.9581 0.9585 1.0000 -0.0480 -0.0194 0.0148 -0.0554 0.9506 0.0394 -0.0027 0.0160 0.0312 -0.5837 0.7389 0.0040 0.0097 -0.7269 -0.5894 1.549011 
797.4359 43.458 128.630 -0.60030 0.75118 0.879 0.0000 0.05182 9.0000 28.98 0.9585 0.9589 1.0000 -0.0474 -0.0200 0.0140 -0.0537 0.9525 0.0375 -0.0037 0.0147 0.0285 -0.5828 0.7393 0.0036 0.0101 -0.7273 -0.5893 1.554786 
794.8848 43.453 128.515 -0.59849 0.75200 0.881 0.0000 0.05195 9.0000 29.22 0.9573 0.9577 1.0000 -0.0471 -0.0208 0.0125 -0.0542 0.9506 0.0376 -0.0042 0.0148 0.0275 -0.5804 0.7391 0.0043 0.0123 -0.7278 -0.5870 1.559776 
792.3311 43.452 128.382 -0.59688 0.75355 0.870 0.0000 0.05198 9.0000 29.12 0.9571 0.9575 1.0000 -0.0471 -0.0212 0.0114 -0.0543 0.9498 0.0359 -0.0048 0.0141 0.0260 -0.5790 0.7401 0.0042 0.0131 -0.7292 -0.5849 1.564803 
789.3481 43.434 128.181 -0.59520 0.75689 0.876 0.0000 0.05270 9.0000 30.76 0.9580 0.9584 1.0000 -0.0470 -0.0221 0.0099 -0.0558 0.9502 0.0337 -0.0050 0.0135 0.0255 -0.5782 0.7434 0.0039 0.0138 -0.7327 -0.5826 1.570716 
786.7883 43.385 127.977 -0.59385 0.76071 0.873 0.0000 0.05445 9.0000 30.61 0.9589 0.9593 1.0000 -0.0482 -0.0222 0.0093 -0.0579 0.9497 0.0327 -0.0057 0.0131 0.0248 -0.5768 0.7469 0.0041 0.0135 -0.7363 -0.5811 1.575826 
784.2256 43.332 127.786 -0.59230 0.76398 0.871 0.0000 0.05635 9.0000 31.55 0.9598 0.9601 1.0000 -0.0499 -0.0226 0.0087 -0.0599 0.9498 0.0312 -0.0067 0.0129 0.0244 -0.5757 0.7506 0.0041 0.0133 -0.7390 -0.5792 1.580976 
781.2322 43.272 127.524 -0.58935 0.76738 0.866 0.0000 0.05845 9.0000 32.28 0.9606 0.9610 1.0000 -0.0520 -0.0226 0.0090 -0.0620 0.9506 0.0297 -0.0077 0.0130 0.0244 -0.5731 0.7549 0.0042 0.0121 -0.7420 -0.5765 1.587034 
778.6634 43.211 127.300 -0.58776 0.77153 0.859 0.0000 0.06066 9.0000 32.62 0.9622 0.9625 1.0000 -0.0548 -0.0223 0.0093 -0.0636 0.9513 0.0264 -0.0090 0.0127 0.0243 -0.5723 0.7601 0.0033 0.0099 -0.7454 -0.5746 1.592269 
776.0917 43.163 127.026 -0.58424 0.77460 0.857 0.0000 0.06231 9.0000 33.37 0.9630 0.9633 1.0000 -0.0565 -0.0217 0.0102 -0.0652 0.9527 0.0255 -0.0101 0.0131 0.0263 -0.5701 0.7638 0.0024 0.0078 -0.7487 -0.5707 1.597546 
773.0877 43.135 126.679 -0.57980 0.77844 0.847 0.0000 0.06328 9.0000 34.21 0.9643 0.9646 1.0000 -0.0576 -0.0203 0.0110 -0.0661 0.9548 0.0246 -0.0117 0.0141 0.0291 -0.5671 0.7689 0.0017 0.0058 -0.7528 -0.5662 1.603753 
770.5097 43.133 126.506 -0.57769 0.78055 0.841 0.0000 0.06336 9.0000 34.50 0.9657 0.9660 1.0000 -0.0585 -0.0195 0.0115 -0.0656 0.9572 0.0220 -0.0128 0.0147 0.0307 -0.5662 0.7721 0.0007 0.0033 -0.7556 -0.5645 1.609119 
767.9287 43.141 126.299 -0.57399 0.78141 0.834 0.0000 0.06301 9.0000 36.60 0.9662 0.9665 1.0000 -0.0591 -0.0187 0.0124 -0.0644 0.9597 0.0213 -0.0138 0.0151 0.0320 -0.5635 0.7741 0.0002 0.0019 -0.7572 -0.5614 1.614527 
764.9139 43.168 126.078 -0.57152 0.78437 0.825 0.0000 0.06216 9.0000 36.38 0.9677 0.9681 1.0000 -0.0587 -0.0179 0.0125 -0.0632 0.9621 0.0196 -0.0141 0.0157 0.0346 -0.5616 0.7782 0.0003 0.0025 -0.7608 -0.5598 1.620891 
762.3265 43.196 125.909 -0.56850 0.78511 0.820 0.0000 0.06114 9.0000 36.79 0.9666 0.9669 1.0000 -0.0577 -0.0182 0.0122 -0.0622 0.9609 0.0206 -0.0132 0.0167 0.0369 -0.5585 0.7780 0.0002 0.0030 -0.7616 -0.5563 1.626392 
759.7362 43.229 125.765 -0.56577 0.78546 0.820 0.0000 0.05990 9.0000 38.30 0.9656 0.9660 1.0000 -0.0564 -0.0190 0.0119 -0.0611 0.9603 0.0210 -0.0122 0.0174 0.0385 -0.5555 0.7774 0.0001 0.0034 -0.7624 -0.5536 1.631937 
756.7104 43.272 125.638 -0.56387 0.78650 0.820 0.0000 0.05844 9.0000 38.94 0.9659 0.9663 1.0000 -0.0546 -0.0200 0.0100 -0.0600 0.9612 0.0212 -0.0112 0.0177 0.0395 -0.5536 0.7782 0.0000 0.0041 -0.7642 -0.5522 1.638463 
754.1135 43.293 125.549 -0.56248 0.78714 0.822 0.0000 0.05770 9.0000 39.79 0.9654 0.9658 1.0000 -0.0537 -0.0213 0.0087 -0.0594 0.9605 0.0218 -0.0103 0.0183 0.0397 -0.5518 0.7781 -0.0001 0.0043 -0.7651 -0.5509 1.644105 
751.5136 43.305 125.418 -0.56087 0.78870 0.815 0.0000 0.05733 9.0000 40.49 0.9654 0.9658 1.0000 -0.0528 -0.0226 0.0074 -0.0595 0.9603 0.0223 -0.0089 0.0183 0.0394 -0.5500 0.7795 0.0003 0.0058 -0.7665 -0.5495 1.649793 
748.4765 43.297 125.284 -0.55907 0.79008 0.818 0.0000 0.05761 9.0000 41.53 0.9651 0.9655 1.0000 -0.0527 -0.0240 0.0062 -0.0602 0.9596 0.0220 -0.0084 0.0181 0.0384 -0.5476 0.7804 0.0002 0.0054 -0.7678 -0.5479 1.656487 
745.8699 43.264 125.149 -0.55828 0.79292 0.813 0.0000 0.05885 9.0000 42.24 0.9660 0.9664 1.0000 -0.0540 -0.0245 0.0051 -0.0614 0.9595 0.0202 -0.0083 0.0173 0.0369 -0.5470 0.7833 0.0000 0.0050 -0.7704 -0.5470 1.662276 
743.2603 43.237 124.924 -0.55584 0.79608 0.807 0.0000 0.05982 9.0000 44.22 0.9671 0.9675 1.0000 -0.0547 -0.0248 0.0047 -0.0625 0.9605 0.0193 -0.0079 0.0168 0.0363 -0.5452 0.7869 0.0004 0.0058 -0.7738 -0.5445 1.668113 
740.2117 43.190 124.676 -0.55321 0.79966 0.812 0.0000 0.06152 9.0000 43.29 0.9683 0.9686 1.0000 -0.0564 -0.0246 0.0048 -0.0642 0.9614 0.0174 -0.0085 0.0162 0.0351 -0.5434 0.7913 0.0001 0.0042 -0.7771 -0.5417 1.674983 
737.5953 43.143 124.484 -0.55075 0.80181 0.795 0.0000 0.06315 9.0000 45.45 0.9694 0.9697 1.0000 -0.0585 -0.0238 0.0060 -0.0655 0.9633 0.0159 -0.0094 0.0151 0.0340 -0.5419 0.7945 -0.0002 0.0019 -0.7797 -0.5394 1.680924 
734.9758 43.096 124.214 -0.54727 0.80486 0.795 0.0000 0.06480 9.0000 45.81 0.9707 0.9710 1.0000 -0.0609 -0.0226 0.0072 -0.0665 0.9652 0.0150 -0.0104 0.0150 0.0336 -0.5391 0.7988 0.0003 0.0018 -0.7829 -0.5364 1.686915 
731.9156 43.078 123.893 -0.54295 0.80820 0.786 0.0000 0.06543 9.0000 46.74 0.9719 0.9722 1.0000 -0.0617 -0.0213 0.0081 -0.0670 0.9672 0.0137 -0.0112 0.0150 0.0350 -0.5359 0.8036 0.0013 0.0026 -0.7863 -0.5322 1.693968 
729.2891 43.061 123.676 -0.53961 0.80985 0.784 0.0000 0.06596 9.0000 47.45 0.9722 0.9725 1.0000 -0.0629 -0.0201 0.0090 -0.0669 0.9682 0.0127 -0.0119 0.0149 0.0357 -0.5334 0.8057 0.0011 0.0016 -0.7882 -0.5287 1.700069 
726.6595 43.065 123.456 -0.53692 0.81255 0.778 0.0000 0.06590 9.0000 47.82 0.9732 0.9735 1.0000 -0.0634 -0.0192 0.0092 -0.0664 0.9697 0.0113 -0.0122 0.0150 0.0375 -0.5312 0.8091 0.0018 0.0029 -0.7913 -0.5264 1.706221 
723.5875 43.093 123.244 -0.53394 0.81458 0.777 0.0000 0.06493 9.0000 48.87 0.9743 0.9746 1.0000 -0.0628 -0.0186 0.0085 -0.0652 0.9718 0.0103 -0.0122 0.0152 0.0391 -0.5289 0.8121 0.0025 0.0046 -0.7941 -0.5239 1.713465 
720.9507 43.108 123.133 -0.53189 0.81490 0.774 0.0000 0.06435 9.0000 50.40 0.9740 0.9743 1.0000 -0.0624 -0.0187 0.0082 -0.0645 0.9721 0.0109 -0.0117 0.0156 0.0399 -0.5269 0.8125 0.0027 0.0049 -0.7945 -0.5220 1.719732 
718.3109 43.125 123.002 -0.52967 0.81556 0.767 0.0000 0.06374 9.0000 50.98 0.9735 0.9738 1.0000 -0.0615 -0.0191 0.0073 -0.0642 0.9717 0.0126 -0.0106 0.0161 0.0411 -0.5247 0.8127 0.0031 0.0065 -0.7954 -0.5197 1.726052 
715.2268 43.147 122.849 -0.52731 0.81669 0.769 0.0000 0.06296 9.0000 50.92 0.9729 0.9732 1.0000 -0.0601 -0.0200 0.0059 -0.0640 0.9709 0.0141 -0.0088 0.0164 0.0416 -0.5219 0.8131 0.0037 0.0083 -0.7966 -0.5174 1.733495 
712.5797 43.146 122.747 -0.52603 0.81790 0.768 0.0000 0.06303 9.0000 51.27 0.9726 0.9729 1.0000 -0.0598 -0.0209 0.0046 -0.0644 0.9700 0.0149 -0.0068 0.0163 0.0405 -0.5201 0.8139 0.0038 0.0087 -0.7974 -0.5162 1.739934 
709.9294 43.140 122.583 -0.52465 0.82092 0.762 0.0000 0.06333 9.0000 52.09 0.9737 0.9741 1.0000 -0.0599 -0.0214 0.0032 -0.0649 0.9705 0.0148 -0.0048 0.0157 0.0398 -0.5186 0.8173 0.0041 0.0103 -0.8003 -0.5152 1.746430 
706.8331 43.117 122.372 -0.52226 0.82386 0.756 0.0000 0.06421 9.0000 51.57 0.9746 0.9749 1.0000 -0.0607 -0.0220 0.0025 -0.0659 0.9711 0.0151 -0.0031 0.0153 0.0384 -0.5163 0.8206 0.0042 0.0107 -0.8033 -0.5132 1.754080 
704.1754 43.089 122.176 -0.51946 0.82567 0.754 0.0000 0.06518 9.0000 52.98 0.9749 0.9752 1.0000 -0.0616 -0.0219 0.0028 -0.0669 0.9715 0.0158 -0.0023 0.0147 0.0367 -0.5135 0.8229 0.0042 0.0101 -0.8049 -0.5107 1.760700 
701.5145 43.066 121.943 -0.51594 0.82752 0.754 0.0000 0.06593 9.0000 53.66 0.9754 0.9757 1.0000 -0.0623 -0.0217 0.0035 -0.0678 0.9728 0.0164 -0.0015 0.0143 0.0356 -0.5101 0.8258 0.0043 0.0091 -0.8068 -0.5078 1.767379 
698.4057 43.047 121.647 -0.51186 0.83048 0.747 0.0000 0.06661 9.0000 54.30 0.9768 0.9771 1.0000 -0.0634 -0.0206 0.0041 -0.0682 0.9753 0.0153 -0.0022 0.0137 0.0348 -0.5068 0.8307 0.0042 0.0085 -0.8098 -0.5043 1.775246 
695.7374 43.041 121.418 -0.50842 0.83235 0.747 0.0000 0.06681 9.0000 55.30 0.9777 0.9780 1.0000 -0.0643 -0.0195 0.0050 -0.0678 0.9773 0.0140 -0.0034 0.0133 0.0346 -0.5044 0.8335 0.0041 0.0074 -0.8123 -0.5009 1.782054 
693.0656 43.047 121.222 -0.50543 0.83384 0.742 0.0000 0.06658 9.0000 54.08 0.9787 0.9790 1.0000 -0.0648 -0.0183 0.0057 -0.0670 0.9797 0.0124 -0.0050 0.0129 0.0348 -0.5024 0.8361 0.0039 0.0061 -0.8147 -0.4982 1.788924 
689.9442 43.069 120.969 -0.50140 0.83550 0.740 0.0000 0.06578 9.0000 54.58 0.9798 0.9800 1.0000 -0.0645 -0.0172 0.0058 -0.0659 0.9825 0.0108 -0.0070 0.0129 0.0359 -0.4995 0.8390 0.0042 0.0064 -0.8173 -0.4945 1.797018 
687.2649 43.078 120.799 -0.49810 0.83559 0.735 0.0000 0.06535 9.0000 55.42 0.9793 0.9796 1.0000 -0.0641 -0.0169 0.0063 -0.0655 0.9832 0.0108 -0.0084 0.0129 0.0366 -0.4966 0.8394 0.0040 0.0054 -0.8177 -0.4912 1.804023 
684.5822 43.093 120.624 -0.49541 0.83691 0.730 0.0000 0.06483 9.0000 56.00 0.9793 0.9796 1.0000 -0.0632 -0.0160 0.0058 -0.0653 0.9835 0.0106 -0.0097 0.0129 0.0372 -0.4943 0.8405 0.0039 0.0055 -0.8195 -0.4883 1.811093 
681.4479 43.107 120.424 -0.49235 0.83837 0.731 0.0000 0.06433 9.0000 55.99 0.9790 0.9792 1.0000 -0.0621 -0.0157 0.0049 -0.0655 0.9831 0.0112 -0.0101 0.0129 0.0378 -0.4911 0.8414 0.0043 0.0072 -0.8212 -0.4852 1.819423 
678.7576 43.102 120.260 -0.49019 0.84020 0.729 0.0000 0.06455 9.0000 55.87 0.9790 0.9793 1.0000 -0.0619 -0.0153 0.0038 -0.0661 0.9827 0.0110 -0.0105 0.0127 0.0374 -0.4889 0.8432 0.0043 0.0078 -0.8227 -0.4830 1.826634 
676.0637 43.083 120.076 -0.48829 0.84314 0.730 0.0000 0.06529 9.0000 56.32 0.9797 0.9799 1.0000 -0.0622 -0.0147 0.0025 -0.0672 0.9824 0.0103 -0.0105 0.0122 0.0368 -0.4868 0.8461 0.0045 0.0095 -0.8253 -0.4812 1.833913 
672.9164 43.057 119.826 -0.48519 0.84629 0.723 0.0000 0.06628 9.0000 58.22 0.9802 0.9804 1.0000 -0.0628 -0.0140 0.0017 -0.0686 0.9821 0.0100 -0.0103 0.0118 0.0361 -0.4838 0.8495 0.0046 0.0111 -0.8280 -0.4779 1.842490 
670.2148 43.020 119.580 -0.48143 0.84817 0.717 0.0000 0.06752 9.0000 57.61 0.9799 0.9801 1.0000 -0.0638 -0.0134 0.0022 -0.0700 0.9817 0.0112 -0.0099 0.0114 0.0350 -0.4799 0.8515 0.0049 0.0120 -0.8293 -0.4741 1.849917 
667.0584 42.987 119.281 -0.47722 0.85106 0.713 0.0000 0.06866 9.0000 57.00 0.9808 0.9811 1.0000 -0.0651 -0.0125 0.0024 -0.0711 0.9831 0.0112 -0.0096 0.0108 0.0342 -0.4761 0.8558 0.0052 0.0129 -0.8319 -0.4702 1.858671 
664.3491 42.968 119.031 -0.47350 0.85314 0.713 0.0000 0.06932 9.0000 57.01 0.9817 0.9819 1.0000 -0.0662 -0.0117 0.0028 -0.0714 0.9848 0.0110 -0.0101 0.0105 0.0339 -0.4730 0.8591 0.0054 0.0133 -0.8341 -0.4668 1.866251 
661.6360 42.958 118.783 -0.46944 0.85452 0.714 0.0000 0.06961 9.0000 57.45 0.9820 0.9823 1.0000 -0.0671 -0.0111 0.0035 -0.0712 0.9862 0.0111 -0.0106 0.0106 0.0340 -0.4696 0.8614 0.0057 0.0137 -0.8358 -0.4628 1.873903 
658.4662 42.957 118.525 -0.46508 0.85567 0.714 0.0000 0.06957 9.0000 56.35 0.9824 0.9826 1.0000 -0.0675 -0.0105 0.0038 -0.0708 0.9880 0.0108 -0.0111 0.0104 0.0341 -0.4660 0.8636 0.0057 0.0132 -0.8375 -0.4586 1.882924 
655.7453 42.967 118.320 -0.46189 0.85709 0.709 0.0000 0.06921 9.0000 55.90 0.9831 0.9833 1.0000 -0.0674 -0.0104 0.0038 -0.0703 0.9897 0.0104 -0.0114 0.0105 0.0348 -0.4633 0.8656 0.0060 0.0136 -0.8397 -0.4557 1.890737 
653.0207 42.970 118.129 -0.45889 0.85839 0.703 0.0000 0.06909 9.0000 56.90 0.9831 0.9834 1.0000 -0.0670 -0.0104 0.0035 -0.0705 0.9901 0.0108 -0.0112 0.0105 0.0349 -0.4604 0.8669 0.0061 0.0136 -0.8413 -0.4528 1.898626 
649.8373 42.971 117.914 -0.45555 0.85989 0.700 0.0000 0.06905 9.0000 54.78 0.9830 0.9832 1.0000 -0.0666 -0.0103 0.0028 -0.0708 0.9901 0.0110 -0.0110 0.0104 0.0348 -0.4573 0.8680 0.0061 0.0137 -0.8433 -0.4493 1.907927 
647.1047 42.963 117.718 -0.45295 0.86209 0.689 0.0000 0.06937 9.0000 55.51 0.9833 0.9836 1.0000 -0.0665 -0.0104 0.0018 -0.0715 0.9900 0.0110 -0.0104 0.0101 0.0346 -0.4547 0.8699 0.0064 0.0145 -0.8457 -0.4467 1.915984 
644.3683 42.937 117.505 -0.45001 0.86426 0.688 0.0000 0.07030 9.0000 54.07 0.9834 0.9836 1.0000 -0.0673 -0.0105 0.0012 -0.0726 0.9895 0.0111 -0.0097 0.0099 0.0337 -0.4518 0.8718 0.0065 0.0147 -0.8477 -0.4434 1.924120 
641.1711 42.898 117.250 -0.44643 0.86680 0.681 0.0000 0.07167 9.0000 54.99 0.9833 0.9836 1.0000 -0.0686 -0.0103 0.0005 -0.0739 0.9887 0.0111 -0.0094 0.0095 0.0329 -0.4483 0.8740 0.0066 0.0148 -0.8498 -0.4395 1.933715 
638.4266 42.873 117.001 -0.44288 0.86914 0.681 0.0000 0.07257 9.0000 55.35 0.9837 0.9839 1.0000 -0.0697 -0.0100 0.0002 -0.0746 0.9889 0.0108 -0.0090 0.0094 0.0323 -0.4450 0.8765 0.0070 0.0156 -0.8521 -0.4359 1.942027 
635.6782 42.845 116.744 -0.43914 0.87145 0.679 0.0000 0.07356 9.0000 55.87 0.9839 0.9841 1.0000 -0.0712 -0.0095 0.0001 -0.0751 0.9889 0.0110 -0.0090 0.0091 0.0317 -0.4415 0.8791 0.0073 0.0158 -0.8541 -0.4319 1.950424 
632.4670 42.828 116.461 -0.43490 0.87375 0.680 0.0000 0.07415 9.0000 55.73 0.9843 0.9846 1.0000 -0.0723 -0.0091 -0.0001 -0.0752 0.9895 0.0109 -0.0090 0.0089 0.0316 -0.4374 0.8819 0.0078 0.0163 -0.8565 -0.4278 1.960327 
629.7104 42.828 116.231 -0.43132 0.87535 0.675 0.0000 0.07413 9.0000 54.17 0.9845 0.9847 1.0000 -0.0727 -0.0089 -0.0003 -0.0748 0.9901 0.0107 -0.0092 0.0087 0.0319 -0.4341 0.8836 0.0079 0.0162 -0.8584 -0.4242 1.968908 
626.9500 42.834 116.012 -0.42796 0.87700 0.673 0.0000 0.07392 9.0000 54.48 0.9847 0.9850 1.0000 -0.0727 -0.0087 -0.0007 -0.0744 0.9905 0.0105 -0.0096 0.0087 0.0320 -0.4308 0.8855 0.0081 0.0162 -0.8602 -0.4210 1.977577 
623.7246 42.845 115.761 -0.42417 0.87898 0.670 0.0000 0.07356 9.0000 54.63 0.9850 0.9852 1.0000 -0.0723 -0.0088 -0.0015 -0.0742 0.9909 0.0101 -0.0091 0.0085 0.0319 -0.4271 0.8876 0.0082 0.0161 -0.8624 -0.4174 1.987803 
620.9557 42.853 115.557 -0.42129 0.88099 0.672 0.0000 0.07332 9.0000 53.80 0.9852 0.9854 1.0000 -0.0719 -0.0089 -0.0022 -0.0741 0.9908 0.0101 -0.0087 0.0085 0.0318 -0.4240 0.8891 0.0083 0.0163 -0.8647 -0.4147 1.996667 
618.1830 42.849 115.336 -0.41809 0.88306 0.670 0.0000 0.07350 9.0000 52.52 0.9853 0.9855 1.0000 -0.0717 -0.0089 -0.0028 -0.0746 0.9905 0.0101 -0.0081 0.0082 0.0313 -0.4206 0.8912 0.0085 0.0166 -0.8666 -0.4117 2.005623 
614.9432 42.833 115.050 -0.41404 0.88589 0.667 0.0000 0.07413 9.0000 53.03 0.9854 0.9857 1.0000 -0.0722 -0.0087 -0.0035 -0.0753 0.9899 0.0099 -0.0075 0.0080 0.0305 -0.4162 0.8936 0.0088 0.0175 -0.8693 -0.4077 2.016189 
612.1619 42.810 114.792 -0.41015 0.88797 0.662 0.0000 0.07492 9.0000 52.74 0.9855 0.9857 1.0000 -0.0730 -0.0084 -0.0037 -0.0761 0.9898 0.0099 -0.0072 0.0076 0.0297 -0.4125 0.8954 0.0091 0.0175 -0.8715 -0.4036 2.025350 
609.3767 42.783 114.532 -0.40634 0.89032 0.659 0.0000 0.07590 9.0000 53.03 0.9859 0.9861 1.0000 -0.0743 -0.0082 -0.0038 -0.0767 0.9898 0.0100 -0.0074 0.0074 0.0292 -0.4090 0.8976 0.0094 0.0183 -0.8739 -0.3996 2.034607 
606.1223 42.757 114.227 -0.40171 0.89272 0.657 0.0000 0.07682 9.0000 53.27 0.9861 0.9863 1.0000 -0.0755 -0.0077 -0.0037 -0.0774 0.9900 0.0102 -0.0072 0.0072 0.0289 -0.4047 0.8998 0.0096 0.0188 -0.8766 -0.3947 2.045531 
603.3284 42.741 113.974 -0.39798 0.89498 0.648 0.0000 0.07739 9.0000 53.53 0.9864 0.9866 1.0000 -0.0763 -0.0073 -0.0038 -0.0777 0.9901 0.0106 -0.0070 0.0072 0.0286 -0.4013 0.9017 0.0098 0.0197 -0.8794 -0.3907 2.055003 
600.5306 42.728 113.720 -0.39420 0.89718 0.650 0.0000 0.07787 9.0000 51.17 0.9868 0.9870 1.0000 -0.0769 -0.0068 -0.0039 -0.0781 0.9904 0.0110 -0.0068 0.0070 0.0281 -0.3978 0.9037 0.0100 0.0202 -0.8820 -0.3868 2.064577 
597.2613 42.716 113.444 -0.39001 0.89937 0.643 0.0000 0.07831 9.0000 50.95 0.9872 0.9874 1.0000 -0.0773 -0.0064 -0.0044 -0.0786 0.9908 0.0114 -0.0063 0.0067 0.0276 -0.3938 0.9057 0.0102 0.0209 -0.8848 -0.3826 2.075879 
594.4547 42.709 113.197 -0.38616 0.90111 0.646 0.0000 0.07857 9.0000 51.36 0.9876 0.9878 1.0000 -0.0774 -0.0061 -0.0048 -0.0790 0.9915 0.0117 -0.0060 0.0065 0.0269 -0.3901 0.9074 0.0101 0.0215 -0.8872 -0.3789 2.085679 
591.6440 42.693 112.953 -0.38246 0.90306 0.637 0.0000 0.07914 9.0000 49.33 0.9879 0.9881 1.0000 -0.0777 -0.0057 -0.0053 -0.0799 0.9918 0.0120 -0.0053 0.0063 0.0260 -0.3865 0.9092 0.0101 0.0222 -0.8895 -0.3752 2.095588 
588.3597 42.673 112.658 -0.37789 0.90525 0.640 0.0000 0.07984 9.0000 49.26 0.9886 0.9888 1.0000 -0.0783 -0.0053 -0.0056 -0.0808 0.9928 0.0120 -0.0040 0.0060 0.0252 -0.3822 0.9116 0.0100 0.0232 -0.8924 -0.3708 2.107286 
585.5402 42.650 112.398 -0.37398 0.90744 0.636 0.0000 0.08068 9.0000 49.78 0.9889 0.9891 1.0000 -0.0792 -0.0050 -0.0059 -0.0816 0.9928 0.0119 -0.0031 0.0059 0.0243 -0.3783 0.9134 0.0100 0.0243 -0.8950 -0.3670 2.117433 
582.7166 42.632 112.140 -0.37004 0.90946 0.637 0.0000 0.08134 9.0000 48.65 0.9896 0.9898 1.0000 -0.0799 -0.0046 -0.0061 -0.0823 0.9938 0.0117 -0.0021 0.0056 0.0236 -0.3746 0.9157 0.0100 0.0251 -0.8976 -0.3632 2.127693 
579.4171 42.604 111.827 -0.36530 0.91204 0.632 0.0000 0.08235 9.0000 48.34 0.9899 0.9901 1.0000 -0.0812 -0.0043 -0.0063 -0.0830 0.9938 0.0114 -0.0014 0.0056 0.0229 -0.3700 0.9181 0.0099 0.0262 -0.9003 -0.3583 2.139809 
576.5844 42.587 111.569 -0.36129 0.91395 0.631 0.0000 0.08297 9.0000 48.77 0.9903 0.9905 1.0000 -0.0821 -0.0040 -0.0063 -0.0834 0.9942 0.0113 -0.0009 0.0054 0.0225 -0.3663 0.9199 0.0097 0.0268 -0.9028 -0.3542 2.150322 
573.7476 42.571 111.319 -0.35750 0.91603 0.635 0.0000 0.08358 9.0000 46.91 0.9906 0.9908 1.0000 -0.0829 -0.0038 -0.0064 -0.0838 0.9942 0.0111 -0.0004 0.0054 0.0223 -0.3627 0.9218 0.0096 0.0275 -0.9049 -0.3503 2.160953 
570.4327 42.558 111.018 -0.35283 0.91832 0.629 0.0000 0.08407 9.0000 46.51 0.9909 0.9911 1.0000 -0.0834 -0.0036 -0.0066 -0.0842 0.9944 0.0108 0.0005 0.0055 0.0222 -0.3583 0.9238 0.0092 0.0283 -0.9076 -0.3454 2.173511 
567.5867 42.551 110.761 -0.34886 0.92027 0.629 0.0000 0.08434 9.0000 45.74 0.9914 0.9916 1.0000 -0.0838 -0.0034 -0.0067 -0.0844 0.9948 0.0105 0.0010 0.0055 0.0224 -0.3547 0.9256 0.0089 0.0288 -0.9102 -0.3412 2.184410 
564.7366 42.543 110.498 -0.34468 0.92198 0.627 0.0000 0.08463 9.0000 45.93 0.9917 0.9919 1.0000 -0.0842 -0.0032 -0.0069 -0.0847 0.9954 0.0104 0.0015 0.0054 0.0223 -0.3509 0.9272 0.0087 0.0292 -0.9125 -0.3369 2.195434 
561.4060 42.537 110.187 -0.33960 0.92368 0.621 0.0000 0.08483 9.0000 45.65 0.9921 0.9923 1.0000 -0.0845 -0.0031 -0.0072 -0.0848 0.9964 0.0101 0.0015 0.0053 0.0226 -0.3462 0.9287 0.0084 0.0294 -0.9153 -0.3317 2.208459 
558.5466 42.529 109.900 -0.33500 0.92542 0.618 0.0000 0.08509 9.0000 44.13 0.9925 0.9927 1.0000 -0.0848 -0.0029 -0.0073 -0.0852 0.9970 0.0098 0.0014 0.0052 0.0227 -0.3418 0.9302 0.0082 0.0292 -0.9178 -0.3271 2.219765 
555.6830 42.520 109.621 -0.33061 0.92737 0.617 0.0000 0.08546 9.0000 42.92 0.9931 0.9933 1.0000 -0.0853 -0.0026 -0.0074 -0.0855 0.9978 0.0096 0.0013 0.0049 0.0229 -0.3377 0.9319 0.0081 0.0295 -0.9208 -0.3228 2.231204 
552.3365 42.512 109.269 -0.32482 0.92916 0.614 0.0000 0.08568 9.0000 41.67 0.9937 0.9939 1.0000 -0.0856 -0.0024 -0.0073 -0.0857 0.9993 0.0091 0.0009 0.0047 0.0227 -0.3323 0.9336 0.0079 0.0288 -0.9241 -0.3171 2.244722 
549.4636 42.506 108.961 -0.31993 0.93121 0.612 0.0000 0.08592 9.0000 41.18 0.9942 0.9944 1.0000 -0.0861 -0.0021 -0.0075 -0.0858 1.0000 0.0090 0.0002 0.0043 0.0226 -0.3279 0.9351 0.0077 0.0287 -0.9274 -0.3120 2.256459 
546.5862 42.501 108.653 -0.31494 0.93295 0.611 0.0000 0.08612 9.0000 39.60 0.9948 0.9950 1.0000 -0.0864 -0.0020 -0.0075 -0.0860 1.0011 0.0088 -0.0003 0.0038 0.0223 -0.3232 0.9364 0.0076 0.0283 -0.9305 -0.3071 2.268337 
543.2238 42.483 108.293 -0.30915 0.93515 0.608 0.0000 0.08675 9.0000 37.53 0.9953 0.9955 1.0000 -0.0870 -0.0020 -0.0079 -0.0866 1.0018 0.0089 -0.0007 0.0034 0.0220 -0.3179 0.9379 0.0075 0.0282 -0.9341 -0.3009 2.282378 
540.3370 42.466 107.983 -0.30423 0.93728 0.603 0.0000 0.08738 9.0000 35.22 0.9958 0.9960 1.0000 -0.0875 -0.0018 -0.0084 -0.0875 1.0022 0.0087 -0.0006 0.0029 0.0215 -0.3135 0.9395 0.0074 0.0282 -0.9372 -0.2957 2.294572 
537.4457 42.445 107.677 -0.29935 0.93928 0.601 0.0000 0.08817 9.0000 33.62 0.9962 0.9964 1.0000 -0.0880 -0.0015 -0.0088 -0.0886 1.0027 0.0086 -0.0006 0.0025 0.0206 -0.3091 0.9413 0.0071 0.0281 -0.9398 -0.2904 2.306916 
534.0671 42.414 107.318 -0.29357 0.94148 0.601 0.0000 0.08927 9.0000 31.76 0.9967 0.9969 1.0000 -0.0889 -0.0013 -0.0093 -0.0899 1.0031 0.0086 -0.0001 0.0020 0.0194 -0.3039 0.9435 0.0071 0.0283 -0.9424 -0.2841 2.321510 
531.1663 42.385 107.016 -0.28869 0.94331 0.598 0.0000 0.09030 9.0000 30.05 0.9971 0.9973 1.0000 -0.0901 -0.0011 -0.0095 -0.0909 1.0036 0.0081 0.0005 0.0017 0.0181 -0.2998 0.9454 0.0070 0.0291 -0.9446 -0.2786 2.334188 
528.2610 42.354 106.716 -0.28374 0.94480 0.602 0.0000 0.09139 9.0000 27.77 0.9972 0.9973 1.0000 -0.0912 -0.0011 -0.0097 -0.0919 1.0036 0.0073 0.0012 0.0015 0.0170 -0.2955 0.9467 0.0071 0.0298 -0.9462 -0.2730 2.347025 
524.8660 42.325 106.374 -0.27828 0.94710 0.602 0.0000 0.09243 9.0000 26.70 0.9972 0.9974 1.0000 -0.0922 -0.0011 -0.0102 -0.0929 1.0028 0.0064 0.0020 0.0011 0.0164 -0.2908 0.9485 0.0071 0.0307 -0.9483 -0.2665 2.362206 
521.9510 42.304 106.092 -0.27393 0.94956 0.594 0.0000 0.09328 9.0000 24.71 0.9972 0.9974 1.0000 -0.0932 -0.0012 -0.0108 -0.0935 1.0016 0.0054 0.0027 0.0008 0.0159 -0.2870 0.9504 0.0072 0.0316 -0.9502 -0.2613 2.375399 
518.5446 42.279 105.752 -0.26872 0.95270 0.584 0.0000 0.09430 9.0000 22.63 0.9974 0.9975 1.0000 -0.0941 -0.0014 -0.0114 -0.0945 1.0003 0.0044 0.0041 0.0005 0.0146 -0.2823 0.9532 0.0072 0.0320 -0.9525 -0.2553 2.391003 
515.6198 42.262 105.444 -0.26376 0.95468 0.588 0.0000 0.09494 9.0000 21.38 0.9974 0.9976 1.0000 -0.0948 -0.0016 -0.0118 -0.0951 0.9997 0.0033 0.0049 0.0001 0.0133 -0.2779 0.9552 0.0074 0.0321 -0.9539 -0.2496 2.404566 
512.6906 42.245 105.119 -0.25838 0.95631 0.592 0.0000 0.09556 9.0000 19.48 0.9975 0.9977 1.0000 -0.0955 -0.0019 -0.0119 -0.0956 0.9997 0.0022 0.0058 -0.0004 0.0124 -0.2731 0.9570 0.0076 0.0326 -0.9554 -0.2436 2.418304 
509.2673 42.230 104.732 -0.25191 0.95806 0.589 0.0000 0.09607 9.0000 19.66 0.9979 0.9981 1.0000 -0.0960 -0.0024 -0.0118 -0.0962 1.0003 0.0012 0.0070 -0.0007 0.0117 -0.2674 0.9589 0.0078 0.0334 -0.9575 -0.2365 2.434560 
506.3282 42.217 104.387 -0.24617 0.95966 0.596 0.0000 0.09655 9.0000 17.84 0.9982 0.9984 1.0000 -0.0965 -0.0029 -0.0119 -0.0967 1.0009 0.0006 0.0081 -0.0011 0.0117 -0.2625 0.9607 0.0079 0.0338 -0.9595 -0.2300 2.448692 
503.3844 42.206 104.043 -0.24055 0.96167 0.611 0.0000 0.09698 9.0000 16.97 0.9981 0.9982 1.0000 -0.0969 -0.0032 -0.0118 -0.0970 0.9999 -0.0004 0.0087 -0.0013 0.0111 -0.2575 0.9623 0.0077 0.0340 -0.9610 -0.2236 2.463012 
499.9442 42.207 103.647 -0.23407 0.96410 0.622 0.0000 0.09703 9.0000 15.26 0.9985 0.9987 1.0000 -0.0968 -0.0035 -0.0117 -0.0972 1.0000 -0.0017 0.0093 -0.0018 0.0109 -0.2515 0.9650 0.0073 0.0333 -0.9632 -0.2166 2.479960 
496.9904 42.205 103.303 -0.22823 0.96524 0.651 0.0000 0.09707 9.0000 14.20 0.9986 0.9987 1.0000 -0.0970 -0.0037 -0.0112 -0.0972 1.0004 -0.0031 0.0094 -0.0021 0.0104 -0.2461 0.9666 0.0071 0.0330 -0.9642 -0.2105 2.494700 
494.0320 42.203 102.936 -0.22205 0.96675 0.690 0.0000 0.09715 9.0000 12.85 0.9988 0.9990 1.0000 -0.0976 -0.0037 -0.0106 -0.0968 1.0009 -0.0044 0.0093 -0.0025 0.0098 -0.2403 0.9683 0.0064 0.0335 -0.9660 -0.2040 2.509639 
490.5746 42.202 102.515 -0.21483 0.96783 0.727 0.0000 0.09714 9.0000 10.73 0.9985 0.9986 1.0000 -0.0981 -0.0037 -0.0099 -0.0962 1.0006 -0.0057 0.0082 -0.0030 0.0095 -0.2334 0.9694 0.0059 0.0337 -0.9668 -0.1964 2.527326 
487.6060 42.200 102.155 -0.20885 0.96968 0.796 0.0000 0.09724 9.0000 10.03 0.9979 0.9980 1.0000 -0.0983 -0.0039 -0.0095 -0.0960 0.9989 -0.0063 0.0075 -0.0034 0.0097 -0.2277 0.9710 0.0051 0.0339 -0.9673 -0.1898 2.542713 
484.6327 42.198 101.791 -0.20290 0.97200 0.890 0.0000 0.09744 9.0000 9.10 0.9972 0.9974 1.0000 -0.0985 -0.0037 -0.0090 -0.0960 0.9966 -0.0068 0.0070 -0.0037 0.0092 -0.2217 0.9726 0.0045 0.0340 -0.9681 -0.1834 2.558313 
481.1579 42.199 101.368 -0.19605 0.97514 1.108 0.0000 0.09755 9.0000 8.90 0.9973 0.9975 1.0000 -0.0986 -0.0041 -0.0086 -0.0960 0.9949 -0.0070 0.0061 -0.0044 0.0088 -0.2147 0.9755 0.0038 0.0338 -0.9699 -0.1764 2.576788 
478.1744 42.206 101.016 -0.19013 0.97667 1.359 0.0000 0.09737 9.0000 9.29 0.9979 0.9981 1.0000 -0.0985 -0.0043 -0.0083 -0.0958 0.9959 -0.0076 0.0056 -0.0048 0.0071 -0.2091 0.9778 0.0034 0.0338 -0.9715 -0.1704 2.592865 
475.1861 42.201 100.662 -0.18428 0.97882 1.629 0.0000 0.09763 9.0000 10.44 0.9989 0.9991 1.0000 -0.0989 -0.0044 -0.0083 -0.0961 0.9969 -0.0079 0.0052 -0.0053 0.0063 -0.2035 0.9810 0.0031 0.0348 -0.9736 -0.1645 2.609171 
471.6937 42.202 100.252 -0.17735 0.98057 1.963 0.0000 0.09765 9.0000 12.51 0.9999 1.0001 1.0000 -0.0988 -0.0043 -0.0084 -0.0964 0.9983 -0.0065 0.0059 -0.0054 0.0048 -0.1966 0.9840 0.0028 0.0364 -0.9755 -0.1578 2.628489 
468.6950 42.216 99.947 -0.17230 0.98246 2.486 0.0000 0.09722 9.0000 14.90 1.0003 1.0005 1.0000 -0.0982 -0.0042 -0.0087 -0.0961 0.9982 -0.0065 0.0062 -0.0055 0.0026 -0.1918 0.9861 0.0025 0.0377 -0.9771 -0.1525 2.645306 
465.6915 42.233 99.684 -0.16804 0.98467 3.389 0.0000 0.09678 9.0000 19.42 1.0020 1.0022 1.0000 -0.0976 -0.0041 -0.0088 -0.0960 1.0002 -0.0065 0.0068 -0.0058 0.0016 -0.1877 0.9897 0.0026 0.0386 -0.9799 -0.1484 2.662367 
462.1813 42.253 99.329 -0.16216 0.98711 4.613 0.0000 0.09621 9.0000 24.25 1.0023 1.0025 1.0000 -0.0971 -0.0047 -0.0095 -0.0952 0.9994 -0.0069 0.0080 -0.0064 -0.0006 -0.1810 0.9925 0.0022 0.0393 -0.9810 -0.1432 2.682588 
459.1674 42.283 99.047 -0.15737 0.98829 4.929 0.0000 0.09521 9.0000 23.98 1.0038 1.0040 1.0000 -0.0969 -0.0046 -0.0100 -0.0937 1.0021 -0.0075 0.0088 -0.0066 -0.0021 -0.1756 0.9953 0.0022 0.0404 -0.9833 -0.1394 2.700196 
456.1485 42.309 98.767 -0.15243 0.98841 4.261 0.0000 0.09421 9.0000 19.70 1.0040 1.0043 1.0000 -0.0964 -0.0046 -0.0103 -0.0923 1.0034 -0.0077 0.0098 -0.0069 -0.0033 -0.1698 0.9969 0.0021 0.0415 -0.9832 -0.1356 2.718066 
452.6203 42.342 98.442 -0.14671 0.98848 3.069 0.0000 0.09300 9.0000 12.85 1.0025 1.0027 1.0000 -0.0957 -0.0049 -0.0106 -0.0904 1.0012 -0.0085 0.0119 -0.0070 -0.0036 -0.1624 0.9973 0.0016 0.0405 -0.9808 -0.1311 2.739254 
449.5909 42.372 98.147 -0.14139 0.98767 2.264 0.0000 0.09177 9.0000 8.77 1.0013 1.0015 1.0000 -0.0950 -0.0049 -0.0103 -0.0886 1.0004 -0.0098 0.0138 -0.0071 -0.0037 -0.1551 0.9975 0.0013 0.0390 -0.9783 -0.1277 2.757711 
446.5565 42.405 97.842 -0.13583 0.98622 1.757 0.0000 0.09042 9.0000 6.19 0.9997 1.0000 1.0000 -0.0942 -0.0049 -0.0099 -0.0866 0.9997 -0.0114 0.0159 -0.0072 -0.0034 -0.1472 0.9972 0.0010 0.0368 -0.9750 -0.1245 2.776450 
443.0101 42.446 97.475 -0.12911 0.98397 1.332 0.0000 0.08871 9.0000 4.31 0.9979 0.9981 1.0000 -0.0932 -0.0049 -0.0090 -0.0842 0.9992 -0.0138 0.0189 -0.0074 -0.0026 -0.1371 0.9967 0.0006 0.0333 -0.9705 -0.1211 2.798676 
439.9650 42.477 97.203 -0.12403 0.98139 1.036 0.0000 0.08733 9.0000 3.26 0.9956 0.9958 1.0000 -0.0923 -0.0048 -0.0081 -0.0822 0.9980 -0.0159 0.0212 -0.0074 -0.0017 -0.1291 0.9951 0.0003 0.0301 -0.9657 -0.1187 2.818047 

# MINIMA:
439.9650 42.198 97.203 -0.70453 0.64864 0.584 0.0000 0.03971 9.0000 3.26 0.9362 0.9371 1.0000 -0.0989 -0.0264 -0.0119 -0.0972 0.9096 -0.0159 -0.0141 -0.0074 -0.0037 -0.6569 0.6183 -0.0152 -0.0162 -0.9833 -0.7008 1.242747 

# MAXIMA:
997.6623 43.811 137.365 -0.12403 0.98848 4.929 0.0000 0.09765 9.0000 58.22 1.0040 1.0043 1.0000 -0.0359 -0.0011 0.0276 -0.0401 1.0036 0.0455 0.0212 0.0331 0.0567 -0.1291 0.9975 0.0102 0.0415 -0.6202 -0.1187 2.818047 

# PEAKS:

# END SPECTRUM

