## SPECTRUM TYPE:
LCE

## DATE:
5/11/2025

## COMMENTS:

## NUMBER OF SPECTRUM:
1

## ELLIPSOMETRIC CONFIGURATION:
0.00 ø :Modulator
+45.00 øAnalyser

## UNIT:
nm

## SPOT SIZE:



# SPECTRUM:
1

# CAPTION:


# START TIME:
19:29:01

# END TIME:
19:29:01

# THETA ANGLE:
0.00 ø

# INCIDENCE ANGLE:
65.00 ø

# ACCUMULATION NUMBER:
22

# ELLIPSOMETRIC CONFIGURATION:
0.00 ø :Modulator
+45.00 øAnalyser

# INTEGRATION TIME:
10 ms

# FIRST POINT:
997.66 nm

# LAST POINT:
439.96 nm

# INCREMENT:
0.00 nm

# NUMBER OF POINTS:
200

# DATA:
nm Psi Delta Ic Is Reflectance Transmission IcPrim IntegrationTime IntensityMax Polarization PolarizationGen Mueller11 Mueller12 Mueller13 Mueller14 Mueller21 Mueller22 Mueller23 Mueller24 Mueller31 Mueller32 Mueller33 Mueller34 Mueller41 Mueller42 Mueller43 Mueller44 eV 
997.6623 43.147 136.894 -0.69889 0.65414 0.940 0.0000 0.06202 10.0000 4.10 0.9345 0.9357 1.0000 -0.0475 -0.0230 0.0309 -0.0707 0.9061 0.0422 0.0083 0.0360 0.0618 -0.6533 0.6176 -0.0016 0.0007 -0.6292 -0.6788 1.242747 
994.8812 43.287 136.553 -0.69334 0.65674 1.000 0.0000 0.05719 10.0000 4.42 0.9394 0.9404 1.0000 -0.0445 -0.0194 0.0281 -0.0652 0.9187 0.0438 0.0055 0.0325 0.0566 -0.6483 0.6308 -0.0089 -0.0074 -0.6293 -0.6820 1.246221 
992.4958 43.365 136.295 -0.69005 0.65955 0.957 0.0000 0.05453 10.0000 4.53 0.9432 0.9442 1.0000 -0.0433 -0.0170 0.0259 -0.0618 0.9274 0.0445 0.0037 0.0296 0.0525 -0.6456 0.6399 -0.0130 -0.0118 -0.6313 -0.6844 1.249216 
990.1091 43.407 136.070 -0.68799 0.66276 0.949 0.0000 0.05319 10.0000 4.74 0.9466 0.9474 1.0000 -0.0431 -0.0153 0.0238 -0.0597 0.9337 0.0446 0.0025 0.0270 0.0487 -0.6440 0.6467 -0.0151 -0.0140 -0.6349 -0.6864 1.252228 
987.3229 43.333 135.699 -0.68915 0.67254 0.929 0.0000 0.05610 10.0000 4.93 0.9526 0.9533 1.0000 -0.0476 -0.0128 0.0212 -0.0612 0.9385 0.0445 0.0037 0.0226 0.0435 -0.6461 0.6541 -0.0116 -0.0069 -0.6495 -0.6898 1.255761 
984.9332 43.366 135.726 -0.68610 0.66892 0.957 0.0000 0.05472 10.0000 5.17 0.9501 0.9508 1.0000 -0.0461 -0.0136 0.0189 -0.0599 0.9380 0.0442 -0.0006 0.0224 0.0419 -0.6435 0.6483 -0.0120 -0.0143 -0.6481 -0.6862 1.258808 
982.5420 43.341 135.687 -0.68608 0.66982 0.967 0.0000 0.05559 10.0000 5.23 0.9481 0.9487 1.0000 -0.0477 -0.0168 0.0180 -0.0598 0.9333 0.0378 0.0014 0.0201 0.0383 -0.6451 0.6461 -0.0103 -0.0105 -0.6489 -0.6813 1.261872 
979.7505 43.452 135.488 -0.68385 0.67231 0.948 0.0000 0.05188 10.0000 5.41 0.9491 0.9496 1.0000 -0.0467 -0.0177 0.0187 -0.0538 0.9354 0.0319 0.0040 0.0188 0.0391 -0.6445 0.6477 -0.0057 -0.0048 -0.6535 -0.6790 1.265467 
977.3562 43.510 135.512 -0.68329 0.67119 0.958 0.0000 0.04987 10.0000 5.59 0.9493 0.9498 1.0000 -0.0457 -0.0190 0.0188 -0.0509 0.9372 0.0283 0.0002 0.0180 0.0369 -0.6434 0.6468 -0.0035 -0.0031 -0.6534 -0.6803 1.268567 
974.9604 43.465 135.436 -0.68309 0.67278 0.968 0.0000 0.05142 10.0000 6.09 0.9465 0.9468 1.0000 -0.0462 -0.0157 0.0183 -0.0530 0.9302 0.0296 0.0005 0.0151 0.0325 -0.6412 0.6446 -0.0025 -0.0014 -0.6540 -0.6773 1.271684 
972.1634 43.556 135.281 -0.68111 0.67447 0.948 0.0000 0.04836 10.0000 6.21 0.9477 0.9481 1.0000 -0.0424 -0.0160 0.0201 -0.0511 0.9331 0.0284 0.0028 0.0150 0.0361 -0.6378 0.6471 0.0005 0.0039 -0.6568 -0.6789 1.275343 
969.7643 43.548 135.468 -0.68075 0.66972 0.965 0.0000 0.04845 10.0000 6.46 0.9431 0.9435 1.0000 -0.0435 -0.0203 0.0159 -0.0499 0.9271 0.0249 -0.0052 0.0198 0.0341 -0.6387 0.6436 0.0027 0.0039 -0.6470 -0.6732 1.278498 
967.3636 43.550 135.471 -0.68108 0.66997 0.965 0.0000 0.04838 10.0000 6.87 0.9423 0.9427 1.0000 -0.0436 -0.0199 0.0161 -0.0496 0.9250 0.0263 -0.0026 0.0204 0.0337 -0.6394 0.6470 0.0021 0.0054 -0.6427 -0.6717 1.281671 
964.5610 43.618 135.270 -0.68110 0.67472 0.962 0.0000 0.04627 10.0000 6.87 0.9472 0.9476 1.0000 -0.0422 -0.0180 0.0180 -0.0472 0.9319 0.0270 -0.0011 0.0174 0.0329 -0.6386 0.6567 0.0021 0.0084 -0.6468 -0.6772 1.285395 
962.1569 43.574 135.266 -0.68427 0.67795 0.960 0.0000 0.04800 10.0000 7.08 0.9498 0.9503 1.0000 -0.0435 -0.0185 0.0176 -0.0493 0.9329 0.0286 -0.0015 0.0189 0.0342 -0.6423 0.6604 0.0029 0.0112 -0.6501 -0.6803 1.288607 
959.7513 43.598 135.055 -0.68378 0.68248 0.969 0.0000 0.04731 10.0000 7.47 0.9529 0.9533 1.0000 -0.0431 -0.0177 0.0160 -0.0486 0.9365 0.0307 -0.0011 0.0197 0.0349 -0.6435 0.6654 0.0042 0.0150 -0.6563 -0.6807 1.291837 
956.9427 43.560 135.123 -0.68498 0.68205 0.970 0.0000 0.04862 10.0000 7.74 0.9519 0.9524 1.0000 -0.0426 -0.0208 0.0156 -0.0514 0.9338 0.0324 -0.0032 0.0233 0.0378 -0.6458 0.6660 0.0009 0.0092 -0.6529 -0.6788 1.295628 
954.5336 43.521 135.187 -0.68582 0.68136 0.974 0.0000 0.04996 10.0000 8.16 0.9520 0.9524 1.0000 -0.0439 -0.0233 0.0160 -0.0527 0.9338 0.0309 -0.0031 0.0222 0.0337 -0.6477 0.6666 -0.0029 0.0041 -0.6511 -0.6785 1.298898 
952.1228 43.520 135.133 -0.68630 0.68312 0.960 0.0000 0.05006 10.0000 8.24 0.9524 0.9528 1.0000 -0.0440 -0.0258 0.0157 -0.0528 0.9331 0.0278 -0.0017 0.0211 0.0341 -0.6496 0.6675 -0.0059 0.0020 -0.6531 -0.6771 1.302187 
949.3082 43.506 134.929 -0.68664 0.68834 0.959 0.0000 0.05075 10.0000 8.25 0.9549 0.9553 1.0000 -0.0454 -0.0270 0.0183 -0.0528 0.9344 0.0253 0.0021 0.0234 0.0357 -0.6503 0.6726 -0.0068 0.0014 -0.6589 -0.6779 1.306048 
946.8937 43.434 134.873 -0.68792 0.69098 0.960 0.0000 0.05335 10.0000 8.69 0.9546 0.9551 1.0000 -0.0482 -0.0265 0.0186 -0.0548 0.9310 0.0256 0.0017 0.0247 0.0354 -0.6504 0.6740 -0.0068 0.0016 -0.6603 -0.6780 1.309378 
944.4776 43.365 134.751 -0.68705 0.69304 0.990 0.0000 0.05577 10.0000 8.81 0.9526 0.9530 1.0000 -0.0518 -0.0272 0.0177 -0.0556 0.9259 0.0235 0.0014 0.0262 0.0342 -0.6484 0.6740 -0.0062 0.0033 -0.6607 -0.6748 1.312728 
941.6566 43.329 134.594 -0.68682 0.69661 0.978 0.0000 0.05713 10.0000 9.19 0.9541 0.9545 1.0000 -0.0534 -0.0257 0.0175 -0.0567 0.9265 0.0239 0.0039 0.0246 0.0342 -0.6479 0.6784 -0.0056 0.0067 -0.6637 -0.6753 1.316660 
939.2368 43.318 134.524 -0.68579 0.69729 0.984 0.0000 0.05747 10.0000 9.35 0.9556 0.9560 1.0000 -0.0546 -0.0258 0.0183 -0.0563 0.9298 0.0232 0.0041 0.0244 0.0319 -0.6482 0.6808 -0.0051 0.0053 -0.6649 -0.6752 1.320052 
936.4113 43.263 134.386 -0.68550 0.70035 0.987 0.0000 0.05950 10.0000 9.94 0.9555 0.9559 1.0000 -0.0554 -0.0225 0.0189 -0.0593 0.9277 0.0248 0.0078 0.0199 0.0281 -0.6476 0.6815 -0.0039 0.0060 -0.6685 -0.6738 1.324036 
933.9876 43.274 134.225 -0.68332 0.70207 0.967 0.0000 0.05910 10.0000 9.90 0.9564 0.9567 1.0000 -0.0560 -0.0213 0.0187 -0.0581 0.9298 0.0234 0.0067 0.0152 0.0239 -0.6454 0.6831 -0.0018 0.0079 -0.6718 -0.6733 1.327471 
931.5621 43.262 134.072 -0.68272 0.70521 0.969 0.0000 0.05962 10.0000 10.17 0.9583 0.9585 1.0000 -0.0565 -0.0200 0.0173 -0.0586 0.9318 0.0228 0.0063 0.0129 0.0229 -0.6474 0.6876 -0.0007 0.0109 -0.6748 -0.6715 1.330928 
928.7301 43.288 133.768 -0.67928 0.70915 0.986 0.0000 0.05875 10.0000 10.74 0.9593 0.9595 1.0000 -0.0558 -0.0193 0.0171 -0.0578 0.9336 0.0218 0.0073 0.0120 0.0205 -0.6447 0.6916 0.0013 0.0124 -0.6795 -0.6688 1.334986 
926.3006 43.338 133.639 -0.67587 0.70876 0.969 0.0000 0.05688 10.0000 10.64 0.9596 0.9599 1.0000 -0.0538 -0.0181 0.0176 -0.0564 0.9370 0.0230 0.0074 0.0112 0.0213 -0.6429 0.6912 0.0002 0.0105 -0.6816 -0.6662 1.338488 
923.8693 43.374 133.681 -0.67430 0.70610 0.985 0.0000 0.05549 10.0000 11.19 0.9589 0.9591 1.0000 -0.0520 -0.0178 0.0193 -0.0555 0.9385 0.0238 0.0076 0.0106 0.0200 -0.6423 0.6887 -0.0004 0.0073 -0.6801 -0.6648 1.342010 
921.0304 43.403 133.515 -0.67066 0.70636 0.987 0.0000 0.05436 10.0000 11.29 0.9585 0.9588 1.0000 -0.0520 -0.0165 0.0193 -0.0534 0.9401 0.0244 0.0044 0.0111 0.0205 -0.6385 0.6891 -0.0011 0.0035 -0.6813 -0.6627 1.346147 
918.5950 43.451 133.368 -0.66854 0.70775 0.977 0.0000 0.05270 10.0000 11.68 0.9588 0.9591 1.0000 -0.0504 -0.0166 0.0201 -0.0519 0.9412 0.0229 0.0037 0.0141 0.0240 -0.6366 0.6900 -0.0017 0.0017 -0.6839 -0.6612 1.349716 
916.1577 43.515 133.169 -0.66340 0.70721 0.972 0.0000 0.05032 10.0000 11.05 0.9569 0.9572 1.0000 -0.0484 -0.0165 0.0190 -0.0493 0.9412 0.0222 0.0001 0.0158 0.0260 -0.6314 0.6908 -0.0020 0.0020 -0.6821 -0.6564 1.353306 
913.3118 43.592 133.000 -0.65934 0.70707 0.992 0.0000 0.04756 10.0000 12.13 0.9563 0.9566 1.0000 -0.0462 -0.0170 0.0188 -0.0462 0.9429 0.0214 -0.0025 0.0180 0.0290 -0.6284 0.6923 -0.0013 0.0044 -0.6815 -0.6527 1.357523 
910.8703 43.665 133.008 -0.65813 0.70557 0.985 0.0000 0.04498 10.0000 12.16 0.9567 0.9570 1.0000 -0.0440 -0.0168 0.0184 -0.0435 0.9458 0.0222 -0.0045 0.0183 0.0303 -0.6280 0.6930 -0.0009 0.0061 -0.6799 -0.6526 1.361162 
908.4269 43.718 132.958 -0.65528 0.70374 0.970 0.0000 0.04308 10.0000 12.49 0.9555 0.9558 1.0000 -0.0426 -0.0170 0.0165 -0.0413 0.9466 0.0221 -0.0084 0.0188 0.0301 -0.6264 0.6911 -0.0012 0.0047 -0.6788 -0.6492 1.364823 
905.5737 43.720 132.915 -0.65378 0.70318 0.996 0.0000 0.04291 10.0000 12.49 0.9534 0.9537 1.0000 -0.0417 -0.0172 0.0168 -0.0417 0.9437 0.0230 -0.0089 0.0189 0.0305 -0.6240 0.6904 -0.0015 0.0046 -0.6763 -0.6467 1.369123 
903.1259 43.734 132.768 -0.65139 0.70423 1.004 0.0000 0.04243 10.0000 13.09 0.9523 0.9526 1.0000 -0.0413 -0.0186 0.0157 -0.0411 0.9423 0.0214 -0.0104 0.0193 0.0316 -0.6208 0.6915 -0.0026 0.0043 -0.6763 -0.6444 1.372834 
900.6761 43.749 132.648 -0.64934 0.70495 1.006 0.0000 0.04189 10.0000 13.13 0.9513 0.9517 1.0000 -0.0396 -0.0197 0.0140 -0.0418 0.9411 0.0204 -0.0101 0.0205 0.0326 -0.6196 0.6920 -0.0038 0.0040 -0.6764 -0.6408 1.376568 
897.8156 43.758 132.503 -0.64588 0.70478 1.011 0.0000 0.04147 10.0000 13.38 0.9493 0.9497 1.0000 -0.0382 -0.0197 0.0124 -0.0422 0.9394 0.0222 -0.0097 0.0198 0.0324 -0.6160 0.6893 -0.0047 0.0023 -0.6775 -0.6366 1.380954 
895.3613 43.725 132.553 -0.64625 0.70394 1.002 0.0000 0.04255 10.0000 13.95 0.9491 0.9494 1.0000 -0.0393 -0.0201 0.0129 -0.0432 0.9393 0.0235 -0.0077 0.0202 0.0322 -0.6166 0.6867 -0.0050 0.0009 -0.6784 -0.6366 1.384739 
892.9051 43.665 132.457 -0.64659 0.70669 1.027 0.0000 0.04467 10.0000 14.03 0.9494 0.9498 1.0000 -0.0409 -0.0199 0.0135 -0.0457 0.9377 0.0251 -0.0049 0.0194 0.0311 -0.6157 0.6884 -0.0035 0.0017 -0.6810 -0.6372 1.388548 
890.0368 43.580 132.369 -0.64605 0.70828 1.011 0.0000 0.04757 10.0000 14.75 0.9492 0.9495 1.0000 -0.0434 -0.0212 0.0144 -0.0487 0.9363 0.0264 -0.0035 0.0186 0.0288 -0.6145 0.6883 -0.0022 0.0022 -0.6831 -0.6365 1.393023 
887.5759 43.525 132.241 -0.64559 0.71097 1.009 0.0000 0.04950 10.0000 14.48 0.9488 0.9492 1.0000 -0.0437 -0.0213 0.0153 -0.0520 0.9337 0.0289 -0.0007 0.0193 0.0306 -0.6134 0.6895 -0.0020 0.0020 -0.6853 -0.6350 1.396885 
885.1130 43.506 132.040 -0.64289 0.71301 1.011 0.0000 0.05010 10.0000 14.93 0.9492 0.9495 1.0000 -0.0439 -0.0217 0.0155 -0.0530 0.9347 0.0305 0.0013 0.0184 0.0307 -0.6115 0.6923 -0.0019 0.0025 -0.6872 -0.6323 1.400772 
882.2369 43.450 131.893 -0.64319 0.71703 1.027 0.0000 0.05216 10.0000 15.13 0.9509 0.9513 1.0000 -0.0461 -0.0219 0.0161 -0.0548 0.9352 0.0320 0.0026 0.0185 0.0314 -0.6121 0.6961 -0.0012 0.0031 -0.6914 -0.6325 1.405339 
879.7693 43.405 131.828 -0.64349 0.71899 1.007 0.0000 0.05379 10.0000 15.78 0.9527 0.9531 1.0000 -0.0482 -0.0217 0.0163 -0.0560 0.9370 0.0335 0.0026 0.0179 0.0295 -0.6131 0.6991 -0.0006 0.0028 -0.6936 -0.6333 1.409281 
877.2994 43.354 131.630 -0.64321 0.72371 1.000 0.0000 0.05570 10.0000 16.31 0.9547 0.9550 1.0000 -0.0504 -0.0203 0.0162 -0.0575 0.9377 0.0342 0.0014 0.0169 0.0282 -0.6134 0.7046 -0.0003 0.0031 -0.6977 -0.6330 1.413248 
874.4153 43.289 131.428 -0.64144 0.72686 1.000 0.0000 0.05796 10.0000 16.34 0.9544 0.9548 1.0000 -0.0522 -0.0205 0.0184 -0.0600 0.9358 0.0360 0.0011 0.0164 0.0263 -0.6108 0.7084 -0.0008 0.0013 -0.6987 -0.6310 1.417910 
871.9407 43.269 131.286 -0.63946 0.72824 1.010 0.0000 0.05863 10.0000 17.17 0.9543 0.9547 1.0000 -0.0531 -0.0204 0.0196 -0.0604 0.9360 0.0366 0.0006 0.0166 0.0260 -0.6089 0.7101 -0.0021 -0.0011 -0.6997 -0.6290 1.421934 
869.4639 43.278 131.076 -0.63734 0.73122 1.017 0.0000 0.05838 10.0000 17.55 0.9558 0.9562 1.0000 -0.0527 -0.0189 0.0196 -0.0605 0.9382 0.0363 0.0006 0.0163 0.0260 -0.6084 0.7141 -0.0025 -0.0007 -0.7031 -0.6268 1.425984 
866.5714 43.259 131.018 -0.63610 0.73128 1.016 0.0000 0.05898 10.0000 17.35 0.9563 0.9567 1.0000 -0.0538 -0.0176 0.0206 -0.0606 0.9400 0.0379 -0.0012 0.0155 0.0240 -0.6078 0.7155 -0.0028 -0.0022 -0.7032 -0.6263 1.430744 
864.0897 43.303 130.918 -0.63408 0.73154 1.013 0.0000 0.05740 10.0000 17.83 0.9574 0.9578 1.0000 -0.0530 -0.0163 0.0208 -0.0586 0.9435 0.0377 -0.0021 0.0147 0.0224 -0.6073 0.7165 -0.0031 -0.0033 -0.7052 -0.6250 1.434853 
861.6057 43.352 130.839 -0.63250 0.73175 1.005 0.0000 0.05569 10.0000 18.07 0.9579 0.9583 1.0000 -0.0513 -0.0162 0.0207 -0.0570 0.9455 0.0363 -0.0030 0.0148 0.0227 -0.6070 0.7181 -0.0022 -0.0019 -0.7055 -0.6235 1.438990 
858.7048 43.401 130.744 -0.62883 0.72996 1.022 0.0000 0.05383 10.0000 18.65 0.9566 0.9570 1.0000 -0.0495 -0.0170 0.0222 -0.0553 0.9466 0.0361 -0.0026 0.0159 0.0233 -0.6036 0.7160 -0.0010 -0.0001 -0.7049 -0.6205 1.443851 
856.2158 43.452 130.631 -0.62571 0.72922 1.018 0.0000 0.05196 10.0000 19.29 0.9554 0.9558 1.0000 -0.0473 -0.0171 0.0217 -0.0538 0.9467 0.0369 -0.0024 0.0169 0.0248 -0.6008 0.7153 -0.0001 0.0015 -0.7043 -0.6173 1.448048 
853.7244 43.511 130.527 -0.62297 0.72870 1.029 0.0000 0.04988 10.0000 19.48 0.9554 0.9557 1.0000 -0.0458 -0.0166 0.0213 -0.0514 0.9489 0.0371 -0.0018 0.0162 0.0252 -0.5989 0.7153 0.0009 0.0034 -0.7048 -0.6152 1.452274 
850.8148 43.546 130.482 -0.62198 0.72870 1.013 0.0000 0.04866 10.0000 19.76 0.9548 0.9552 1.0000 -0.0448 -0.0170 0.0203 -0.0500 0.9485 0.0371 -0.0023 0.0170 0.0264 -0.5979 0.7152 0.0014 0.0044 -0.7046 -0.6140 1.457241 
848.3182 43.548 130.379 -0.62044 0.72956 1.020 0.0000 0.04858 10.0000 20.10 0.9537 0.9542 1.0000 -0.0447 -0.0173 0.0192 -0.0498 0.9466 0.0376 -0.0024 0.0175 0.0263 -0.5960 0.7148 0.0024 0.0061 -0.7054 -0.6118 1.461529 
845.8193 43.567 130.275 -0.61909 0.73066 1.020 0.0000 0.04793 10.0000 20.70 0.9532 0.9537 1.0000 -0.0429 -0.0175 0.0176 -0.0504 0.9456 0.0388 -0.0026 0.0186 0.0282 -0.5952 0.7158 0.0030 0.0074 -0.7058 -0.6093 1.465847 
842.9009 43.548 130.155 -0.61672 0.73096 1.027 0.0000 0.04851 10.0000 21.26 0.9519 0.9524 1.0000 -0.0431 -0.0193 0.0166 -0.0512 0.9441 0.0396 -0.0034 0.0191 0.0279 -0.5935 0.7155 0.0030 0.0069 -0.7056 -0.6055 1.470923 
840.3967 43.505 130.096 -0.61610 0.73175 1.014 0.0000 0.04996 10.0000 21.96 0.9512 0.9516 1.0000 -0.0437 -0.0202 0.0162 -0.0534 0.9423 0.0416 -0.0035 0.0194 0.0289 -0.5930 0.7156 0.0023 0.0054 -0.7057 -0.6036 1.475305 
837.8901 43.462 130.003 -0.61601 0.73406 1.021 0.0000 0.05149 10.0000 22.16 0.9523 0.9528 1.0000 -0.0451 -0.0206 0.0156 -0.0550 0.9429 0.0419 -0.0033 0.0186 0.0280 -0.5941 0.7180 0.0023 0.0052 -0.7082 -0.6028 1.479719 
834.9625 43.390 129.845 -0.61536 0.73740 1.017 0.0000 0.05404 10.0000 23.13 0.9535 0.9540 1.0000 -0.0468 -0.0220 0.0149 -0.0582 0.9431 0.0432 -0.0027 0.0177 0.0268 -0.5947 0.7218 0.0024 0.0043 -0.7111 -0.6010 1.484907 
832.4505 43.368 129.650 -0.61337 0.74011 1.012 0.0000 0.05483 10.0000 23.13 0.9543 0.9548 1.0000 -0.0478 -0.0233 0.0144 -0.0588 0.9439 0.0418 -0.0015 0.0173 0.0265 -0.5939 0.7243 0.0018 0.0031 -0.7144 -0.5984 1.489388 
829.9360 43.318 129.515 -0.61231 0.74239 1.007 0.0000 0.05655 10.0000 23.99 0.9551 0.9556 1.0000 -0.0494 -0.0241 0.0146 -0.0606 0.9445 0.0414 -0.0006 0.0165 0.0263 -0.5937 0.7262 0.0016 0.0018 -0.7174 -0.5969 1.493901 
826.9992 43.234 129.294 -0.61008 0.74552 1.012 0.0000 0.05947 10.0000 24.60 0.9551 0.9556 1.0000 -0.0523 -0.0250 0.0154 -0.0633 0.9433 0.0419 0.0002 0.0162 0.0245 -0.5913 0.7287 0.0021 0.0021 -0.7201 -0.5943 1.499206 
824.4792 43.176 129.090 -0.60795 0.74835 1.009 0.0000 0.06146 10.0000 24.64 0.9556 0.9561 1.0000 -0.0544 -0.0243 0.0159 -0.0650 0.9434 0.0427 0.0009 0.0150 0.0233 -0.5894 0.7316 0.0024 0.0020 -0.7227 -0.5921 1.503788 
821.9566 43.117 128.835 -0.60639 0.75326 0.998 0.0000 0.06365 10.0000 25.76 0.9572 0.9576 1.0000 -0.0564 -0.0234 0.0163 -0.0673 0.9438 0.0423 0.0015 0.0144 0.0234 -0.5876 0.7372 0.0031 0.0032 -0.7270 -0.5911 1.508403 
819.0103 43.091 128.623 -0.60477 0.75696 1.003 0.0000 0.06466 10.0000 26.64 0.9584 0.9589 1.0000 -0.0576 -0.0224 0.0171 -0.0681 0.9444 0.0410 0.0019 0.0150 0.0249 -0.5863 0.7414 0.0029 0.0032 -0.7304 -0.5896 1.513829 
816.4821 43.066 128.394 -0.60262 0.76048 0.985 0.0000 0.06560 10.0000 26.83 0.9593 0.9598 1.0000 -0.0589 -0.0215 0.0177 -0.0687 0.9448 0.0406 0.0017 0.0149 0.0249 -0.5836 0.7455 0.0038 0.0048 -0.7335 -0.5883 1.518517 
813.9513 43.098 128.225 -0.60033 0.76220 1.001 0.0000 0.06452 10.0000 27.64 0.9599 0.9603 1.0000 -0.0577 -0.0202 0.0176 -0.0679 0.9461 0.0405 0.0016 0.0157 0.0265 -0.5817 0.7479 0.0045 0.0065 -0.7354 -0.5865 1.523238 
810.9953 43.142 128.020 -0.59663 0.76312 0.985 0.0000 0.06291 10.0000 28.27 0.9597 0.9601 1.0000 -0.0567 -0.0196 0.0174 -0.0658 0.9473 0.0389 -0.0003 0.0164 0.0277 -0.5780 0.7495 0.0048 0.0070 -0.7365 -0.5838 1.528790 
808.4587 43.165 127.945 -0.59512 0.76321 0.973 0.0000 0.06209 10.0000 28.15 0.9591 0.9595 1.0000 -0.0563 -0.0190 0.0177 -0.0645 0.9469 0.0390 -0.0010 0.0164 0.0275 -0.5760 0.7497 0.0041 0.0060 -0.7363 -0.5827 1.533587 
805.4960 43.221 127.781 -0.59230 0.76410 0.972 0.0000 0.06011 10.0000 30.22 0.9592 0.9596 1.0000 -0.0545 -0.0186 0.0173 -0.0626 0.9483 0.0386 -0.0016 0.0160 0.0280 -0.5740 0.7510 0.0036 0.0062 -0.7378 -0.5800 1.539228 
802.9537 43.266 127.632 -0.58983 0.76501 0.964 0.0000 0.05855 10.0000 29.97 0.9590 0.9594 1.0000 -0.0530 -0.0193 0.0162 -0.0611 0.9487 0.0378 -0.0021 0.0165 0.0286 -0.5715 0.7521 0.0040 0.0079 -0.7387 -0.5780 1.544101 
800.4086 43.332 127.562 -0.58766 0.76413 0.959 0.0000 0.05619 10.0000 30.07 0.9582 0.9586 1.0000 -0.0508 -0.0194 0.0151 -0.0587 0.9492 0.0367 -0.0021 0.0167 0.0286 -0.5698 0.7509 0.0032 0.0080 -0.7386 -0.5757 1.549011 
797.4359 43.367 127.528 -0.58646 0.76353 0.949 0.0000 0.05494 10.0000 31.42 0.9582 0.9586 1.0000 -0.0501 -0.0202 0.0142 -0.0571 0.9505 0.0340 -0.0036 0.0158 0.0274 -0.5688 0.7507 0.0022 0.0072 -0.7386 -0.5751 1.554786 
794.8848 43.362 127.433 -0.58471 0.76387 0.953 0.0000 0.05507 10.0000 31.78 0.9570 0.9573 1.0000 -0.0499 -0.0211 0.0127 -0.0574 0.9487 0.0339 -0.0040 0.0159 0.0260 -0.5668 0.7500 0.0027 0.0093 -0.7386 -0.5727 1.559776 
792.3311 43.365 127.315 -0.58309 0.76501 0.941 0.0000 0.05496 10.0000 31.53 0.9567 0.9570 1.0000 -0.0497 -0.0214 0.0118 -0.0574 0.9483 0.0323 -0.0045 0.0156 0.0252 -0.5655 0.7504 0.0024 0.0096 -0.7400 -0.5705 1.564803 
789.3481 43.345 127.093 -0.58122 0.76870 0.945 0.0000 0.05573 10.0000 33.29 0.9578 0.9581 1.0000 -0.0497 -0.0218 0.0106 -0.0589 0.9487 0.0304 -0.0042 0.0150 0.0248 -0.5640 0.7539 0.0025 0.0105 -0.7440 -0.5686 1.570716 
786.7883 43.300 126.911 -0.57979 0.77188 0.939 0.0000 0.05737 10.0000 33.18 0.9586 0.9589 1.0000 -0.0510 -0.0221 0.0098 -0.0608 0.9487 0.0293 -0.0051 0.0147 0.0238 -0.5632 0.7568 0.0027 0.0104 -0.7474 -0.5666 1.575826 
784.2256 43.252 126.700 -0.57791 0.77533 0.939 0.0000 0.05906 10.0000 34.19 0.9599 0.9601 1.0000 -0.0526 -0.0226 0.0093 -0.0625 0.9495 0.0275 -0.0061 0.0138 0.0229 -0.5616 0.7612 0.0029 0.0101 -0.7503 -0.5650 1.580976 
781.2322 43.201 126.431 -0.57457 0.77845 0.933 0.0000 0.06085 10.0000 34.93 0.9605 0.9608 1.0000 -0.0545 -0.0229 0.0095 -0.0642 0.9503 0.0257 -0.0069 0.0136 0.0225 -0.5588 0.7654 0.0030 0.0091 -0.7528 -0.5617 1.587034 
778.6634 43.147 126.203 -0.57261 0.78228 0.929 0.0000 0.06279 10.0000 35.23 0.9622 0.9624 1.0000 -0.0569 -0.0225 0.0098 -0.0656 0.9516 0.0227 -0.0081 0.0131 0.0224 -0.5579 0.7706 0.0023 0.0069 -0.7561 -0.5596 1.592269 
776.0917 43.096 125.937 -0.56929 0.78539 0.926 0.0000 0.06455 10.0000 36.08 0.9629 0.9632 1.0000 -0.0588 -0.0221 0.0107 -0.0673 0.9525 0.0220 -0.0089 0.0134 0.0237 -0.5558 0.7745 0.0017 0.0056 -0.7590 -0.5557 1.597546 
773.0877 43.073 125.582 -0.56445 0.78892 0.914 0.0000 0.06537 10.0000 37.13 0.9640 0.9643 1.0000 -0.0596 -0.0210 0.0114 -0.0682 0.9547 0.0207 -0.0105 0.0142 0.0259 -0.5524 0.7797 0.0013 0.0044 -0.7624 -0.5509 1.603753 
770.5097 43.072 125.408 -0.56228 0.79096 0.908 0.0000 0.06542 10.0000 37.38 0.9656 0.9658 1.0000 -0.0604 -0.0203 0.0121 -0.0677 0.9574 0.0178 -0.0115 0.0145 0.0268 -0.5514 0.7832 0.0005 0.0023 -0.7650 -0.5492 1.609119 
767.9287 43.079 125.194 -0.55857 0.79199 0.903 0.0000 0.06510 10.0000 39.58 0.9660 0.9663 1.0000 -0.0609 -0.0195 0.0129 -0.0667 0.9596 0.0169 -0.0128 0.0151 0.0284 -0.5484 0.7854 -0.0002 0.0006 -0.7666 -0.5461 1.614527 
764.9139 43.113 124.976 -0.55581 0.79448 0.892 0.0000 0.06396 10.0000 39.39 0.9677 0.9680 1.0000 -0.0603 -0.0186 0.0130 -0.0652 0.9628 0.0153 -0.0134 0.0158 0.0312 -0.5466 0.7892 -0.0001 0.0011 -0.7702 -0.5443 1.620891 
762.3265 43.146 124.813 -0.55268 0.79482 0.885 0.0000 0.06272 10.0000 39.78 0.9670 0.9673 1.0000 -0.0592 -0.0186 0.0128 -0.0639 0.9628 0.0166 -0.0125 0.0170 0.0335 -0.5437 0.7887 -0.0002 0.0014 -0.7713 -0.5411 1.626392 
759.7362 43.183 124.674 -0.54983 0.79483 0.884 0.0000 0.06139 10.0000 41.43 0.9661 0.9664 1.0000 -0.0578 -0.0193 0.0125 -0.0627 0.9627 0.0175 -0.0117 0.0179 0.0352 -0.5407 0.7878 -0.0003 0.0019 -0.7722 -0.5384 1.631937 
756.7104 43.222 124.533 -0.54785 0.79616 0.885 0.0000 0.06007 10.0000 42.06 0.9664 0.9667 1.0000 -0.0563 -0.0200 0.0108 -0.0616 0.9635 0.0179 -0.0105 0.0183 0.0362 -0.5386 0.7886 -0.0004 0.0025 -0.7746 -0.5371 1.638463 
754.1135 43.230 124.444 -0.54673 0.79716 0.886 0.0000 0.05979 10.0000 43.04 0.9660 0.9663 1.0000 -0.0558 -0.0214 0.0095 -0.0615 0.9625 0.0188 -0.0095 0.0189 0.0364 -0.5370 0.7886 -0.0005 0.0027 -0.7758 -0.5359 1.644105 
751.5136 43.239 124.325 -0.54519 0.79849 0.881 0.0000 0.05951 10.0000 44.03 0.9660 0.9663 1.0000 -0.0553 -0.0226 0.0082 -0.0615 0.9622 0.0195 -0.0081 0.0189 0.0362 -0.5354 0.7896 -0.0001 0.0041 -0.7772 -0.5343 1.649793 
748.4765 43.229 124.205 -0.54346 0.79954 0.882 0.0000 0.05983 10.0000 45.04 0.9655 0.9659 1.0000 -0.0551 -0.0240 0.0069 -0.0622 0.9614 0.0197 -0.0072 0.0187 0.0351 -0.5335 0.7902 -0.0004 0.0033 -0.7781 -0.5325 1.656487 
745.8699 43.196 124.074 -0.54253 0.80209 0.878 0.0000 0.06106 10.0000 45.56 0.9664 0.9667 1.0000 -0.0564 -0.0243 0.0058 -0.0634 0.9615 0.0185 -0.0072 0.0181 0.0339 -0.5329 0.7927 -0.0008 0.0027 -0.7806 -0.5313 1.662276 
743.2603 43.171 123.843 -0.53998 0.80531 0.869 0.0000 0.06200 10.0000 47.82 0.9673 0.9676 1.0000 -0.0572 -0.0247 0.0053 -0.0645 0.9620 0.0178 -0.0065 0.0176 0.0332 -0.5308 0.7963 -0.0004 0.0036 -0.7837 -0.5287 1.668113 
740.2117 43.117 123.603 -0.53743 0.80880 0.876 0.0000 0.06391 10.0000 46.86 0.9684 0.9686 1.0000 -0.0591 -0.0243 0.0056 -0.0663 0.9626 0.0161 -0.0067 0.0170 0.0319 -0.5289 0.8005 -0.0005 0.0028 -0.7869 -0.5259 1.674983 
737.5953 43.069 123.417 -0.53501 0.81086 0.860 0.0000 0.06557 10.0000 49.29 0.9695 0.9698 1.0000 -0.0612 -0.0235 0.0068 -0.0676 0.9645 0.0144 -0.0076 0.0159 0.0306 -0.5274 0.8038 -0.0008 0.0006 -0.7892 -0.5236 1.680924 
734.9758 43.020 123.154 -0.53180 0.81411 0.857 0.0000 0.06731 10.0000 49.62 0.9709 0.9712 1.0000 -0.0636 -0.0222 0.0082 -0.0687 0.9664 0.0138 -0.0081 0.0157 0.0299 -0.5247 0.8083 -0.0001 0.0009 -0.7925 -0.5210 1.686915 
731.9156 43.007 122.836 -0.52742 0.81727 0.849 0.0000 0.06776 10.0000 50.46 0.9724 0.9726 1.0000 -0.0643 -0.0205 0.0093 -0.0691 0.9690 0.0128 -0.0088 0.0156 0.0311 -0.5215 0.8131 0.0010 0.0019 -0.7961 -0.5170 1.693968 
729.2891 42.992 122.622 -0.52427 0.81908 0.845 0.0000 0.06827 10.0000 51.16 0.9730 0.9733 1.0000 -0.0655 -0.0191 0.0103 -0.0690 0.9705 0.0120 -0.0092 0.0153 0.0311 -0.5190 0.8156 0.0011 0.0015 -0.7984 -0.5141 1.700069 
726.6595 42.998 122.403 -0.52148 0.82162 0.839 0.0000 0.06811 10.0000 51.70 0.9743 0.9745 1.0000 -0.0659 -0.0181 0.0107 -0.0685 0.9724 0.0108 -0.0093 0.0153 0.0325 -0.5167 0.8191 0.0020 0.0031 -0.8015 -0.5119 1.706221 
723.5875 43.026 122.188 -0.51845 0.82368 0.839 0.0000 0.06718 10.0000 53.01 0.9754 0.9756 1.0000 -0.0652 -0.0175 0.0099 -0.0674 0.9746 0.0095 -0.0096 0.0156 0.0343 -0.5143 0.8220 0.0027 0.0044 -0.8044 -0.5095 1.713465 
720.9507 43.045 122.076 -0.51629 0.82379 0.834 0.0000 0.06644 10.0000 54.34 0.9751 0.9754 1.0000 -0.0645 -0.0178 0.0094 -0.0667 0.9752 0.0098 -0.0093 0.0160 0.0350 -0.5123 0.8224 0.0028 0.0045 -0.8048 -0.5075 1.719732 
718.3109 43.061 121.942 -0.51405 0.82450 0.826 0.0000 0.06588 10.0000 55.03 0.9747 0.9750 1.0000 -0.0636 -0.0183 0.0084 -0.0665 0.9749 0.0114 -0.0084 0.0163 0.0361 -0.5101 0.8227 0.0033 0.0060 -0.8056 -0.5051 1.726052 
715.2268 43.082 121.775 -0.51152 0.82580 0.829 0.0000 0.06515 10.0000 55.09 0.9740 0.9743 1.0000 -0.0622 -0.0192 0.0068 -0.0664 0.9737 0.0130 -0.0066 0.0164 0.0364 -0.5070 0.8232 0.0037 0.0074 -0.8067 -0.5026 1.733495 
712.5797 43.081 121.665 -0.50997 0.82684 0.830 0.0000 0.06517 10.0000 55.40 0.9736 0.9738 1.0000 -0.0619 -0.0201 0.0053 -0.0667 0.9728 0.0138 -0.0049 0.0163 0.0353 -0.5050 0.8237 0.0036 0.0076 -0.8075 -0.5010 1.739934 
709.9294 43.078 121.498 -0.50843 0.82977 0.821 0.0000 0.06539 10.0000 56.37 0.9746 0.9749 1.0000 -0.0620 -0.0208 0.0039 -0.0670 0.9733 0.0137 -0.0029 0.0157 0.0346 -0.5034 0.8272 0.0038 0.0091 -0.8102 -0.4999 1.746430 
706.8331 43.052 121.291 -0.50604 0.83259 0.817 0.0000 0.06634 10.0000 55.57 0.9754 0.9756 1.0000 -0.0629 -0.0215 0.0031 -0.0680 0.9736 0.0139 -0.0011 0.0152 0.0331 -0.5011 0.8304 0.0039 0.0095 -0.8128 -0.4976 1.754080 
704.1754 43.022 121.105 -0.50345 0.83443 0.813 0.0000 0.06741 10.0000 57.20 0.9755 0.9758 1.0000 -0.0639 -0.0214 0.0036 -0.0691 0.9736 0.0145 -0.0002 0.0148 0.0315 -0.4985 0.8325 0.0038 0.0088 -0.8143 -0.4952 1.760700 
701.5145 42.992 120.873 -0.50014 0.83657 0.814 0.0000 0.06842 10.0000 58.00 0.9760 0.9762 1.0000 -0.0649 -0.0212 0.0044 -0.0702 0.9743 0.0149 0.0008 0.0144 0.0306 -0.4951 0.8355 0.0039 0.0081 -0.8161 -0.4924 1.767379 
698.4057 42.971 120.582 -0.49616 0.83957 0.805 0.0000 0.06919 10.0000 58.70 0.9775 0.9777 1.0000 -0.0661 -0.0202 0.0051 -0.0707 0.9767 0.0136 -0.0001 0.0140 0.0300 -0.4918 0.8405 0.0040 0.0076 -0.8191 -0.4890 1.775246 
695.7374 42.959 120.356 -0.49292 0.84163 0.803 0.0000 0.06962 10.0000 59.79 0.9784 0.9786 1.0000 -0.0672 -0.0190 0.0061 -0.0705 0.9785 0.0126 -0.0008 0.0135 0.0296 -0.4893 0.8435 0.0041 0.0069 -0.8217 -0.4859 1.782054 
693.0656 42.964 120.155 -0.48992 0.84329 0.799 0.0000 0.06943 10.0000 58.29 0.9794 0.9796 1.0000 -0.0677 -0.0178 0.0068 -0.0699 0.9805 0.0110 -0.0026 0.0132 0.0302 -0.4871 0.8461 0.0039 0.0056 -0.8241 -0.4832 1.788924 
689.9442 42.986 119.910 -0.48593 0.84473 0.796 0.0000 0.06863 10.0000 58.72 0.9804 0.9806 1.0000 -0.0672 -0.0169 0.0068 -0.0689 0.9834 0.0091 -0.0047 0.0133 0.0314 -0.4843 0.8490 0.0042 0.0058 -0.8264 -0.4795 1.797018 
687.2649 43.000 119.736 -0.48240 0.84450 0.792 0.0000 0.06800 10.0000 59.73 0.9799 0.9801 1.0000 -0.0665 -0.0165 0.0071 -0.0684 0.9844 0.0091 -0.0065 0.0134 0.0321 -0.4813 0.8491 0.0038 0.0047 -0.8267 -0.4759 1.804023 
684.5822 43.014 119.557 -0.47966 0.84582 0.787 0.0000 0.06753 10.0000 60.26 0.9799 0.9801 1.0000 -0.0657 -0.0156 0.0065 -0.0683 0.9846 0.0088 -0.0079 0.0133 0.0328 -0.4789 0.8501 0.0038 0.0048 -0.8285 -0.4730 1.811093 
681.4479 43.027 119.359 -0.47648 0.84706 0.787 0.0000 0.06705 10.0000 60.51 0.9795 0.9797 1.0000 -0.0646 -0.0153 0.0056 -0.0685 0.9843 0.0092 -0.0086 0.0133 0.0335 -0.4758 0.8507 0.0040 0.0060 -0.8301 -0.4697 1.819423 
678.7576 43.023 119.202 -0.47431 0.84860 0.784 0.0000 0.06719 10.0000 60.14 0.9795 0.9798 1.0000 -0.0645 -0.0148 0.0046 -0.0689 0.9842 0.0090 -0.0091 0.0131 0.0330 -0.4737 0.8522 0.0040 0.0067 -0.8315 -0.4674 1.826634 
676.0637 43.005 119.019 -0.47244 0.85164 0.787 0.0000 0.06794 10.0000 60.72 0.9803 0.9805 1.0000 -0.0649 -0.0142 0.0033 -0.0699 0.9839 0.0085 -0.0089 0.0125 0.0321 -0.4715 0.8553 0.0042 0.0084 -0.8343 -0.4658 1.833913 
672.9164 42.971 118.770 -0.46944 0.85495 0.777 0.0000 0.06920 10.0000 62.72 0.9809 0.9811 1.0000 -0.0658 -0.0136 0.0026 -0.0714 0.9836 0.0083 -0.0087 0.0121 0.0314 -0.4685 0.8587 0.0043 0.0100 -0.8372 -0.4627 1.842490 
670.2148 42.931 118.529 -0.46576 0.85679 0.771 0.0000 0.07056 10.0000 61.97 0.9806 0.9808 1.0000 -0.0670 -0.0131 0.0031 -0.0729 0.9831 0.0094 -0.0083 0.0117 0.0300 -0.4648 0.8608 0.0046 0.0109 -0.8383 -0.4589 1.849917 
667.0584 42.894 118.227 -0.46158 0.85987 0.767 0.0000 0.07186 10.0000 61.29 0.9815 0.9817 1.0000 -0.0683 -0.0123 0.0034 -0.0742 0.9840 0.0092 -0.0079 0.0112 0.0294 -0.4608 0.8653 0.0050 0.0116 -0.8407 -0.4549 1.858671 
664.3491 42.873 117.977 -0.45783 0.86188 0.769 0.0000 0.07258 10.0000 61.54 0.9823 0.9825 1.0000 -0.0695 -0.0115 0.0037 -0.0746 0.9856 0.0089 -0.0085 0.0109 0.0289 -0.4578 0.8686 0.0050 0.0117 -0.8428 -0.4513 1.866251 
661.6360 42.859 117.734 -0.45395 0.86342 0.767 0.0000 0.07305 10.0000 61.69 0.9825 0.9827 1.0000 -0.0705 -0.0110 0.0043 -0.0746 0.9865 0.0092 -0.0087 0.0109 0.0291 -0.4543 0.8707 0.0053 0.0121 -0.8445 -0.4474 1.873903 
658.4662 42.859 117.480 -0.44971 0.86462 0.767 0.0000 0.07299 10.0000 60.81 0.9828 0.9830 1.0000 -0.0707 -0.0104 0.0045 -0.0744 0.9879 0.0089 -0.0092 0.0108 0.0295 -0.4508 0.8728 0.0052 0.0113 -0.8460 -0.4432 1.882924 
655.7453 42.872 117.279 -0.44649 0.86583 0.763 0.0000 0.07250 10.0000 59.93 0.9833 0.9835 1.0000 -0.0705 -0.0103 0.0043 -0.0737 0.9894 0.0084 -0.0097 0.0110 0.0301 -0.4481 0.8746 0.0054 0.0117 -0.8479 -0.4401 1.890737 
653.0207 42.876 117.087 -0.44326 0.86671 0.756 0.0000 0.07232 10.0000 61.05 0.9833 0.9834 1.0000 -0.0700 -0.0103 0.0039 -0.0739 0.9900 0.0085 -0.0097 0.0110 0.0304 -0.4453 0.8755 0.0054 0.0115 -0.8493 -0.4368 1.898626 
649.8373 42.876 116.875 -0.43992 0.86807 0.753 0.0000 0.07228 10.0000 58.94 0.9831 0.9833 1.0000 -0.0696 -0.0102 0.0032 -0.0742 0.9900 0.0087 -0.0096 0.0109 0.0305 -0.4422 0.8763 0.0054 0.0115 -0.8511 -0.4333 1.907927 
647.1047 42.865 116.688 -0.43737 0.87008 0.742 0.0000 0.07272 10.0000 59.62 0.9834 0.9836 1.0000 -0.0698 -0.0103 0.0023 -0.0749 0.9900 0.0085 -0.0092 0.0108 0.0305 -0.4397 0.8780 0.0058 0.0124 -0.8535 -0.4307 1.915984 
644.3683 42.836 116.477 -0.43443 0.87219 0.739 0.0000 0.07373 10.0000 58.18 0.9835 0.9837 1.0000 -0.0706 -0.0102 0.0018 -0.0760 0.9896 0.0085 -0.0085 0.0106 0.0295 -0.4366 0.8798 0.0060 0.0129 -0.8554 -0.4277 1.924120 
641.1711 42.793 116.224 -0.43103 0.87503 0.733 0.0000 0.07529 10.0000 59.06 0.9836 0.9837 1.0000 -0.0722 -0.0100 0.0012 -0.0775 0.9884 0.0082 -0.0081 0.0102 0.0286 -0.4330 0.8821 0.0061 0.0130 -0.8578 -0.4241 1.933715 
638.4266 42.764 115.984 -0.42764 0.87743 0.731 0.0000 0.07635 10.0000 59.38 0.9839 0.9841 1.0000 -0.0735 -0.0097 0.0010 -0.0783 0.9884 0.0080 -0.0078 0.0101 0.0280 -0.4299 0.8846 0.0065 0.0141 -0.8601 -0.4205 1.942027 
635.6782 42.736 115.735 -0.42406 0.87974 0.730 0.0000 0.07733 10.0000 59.94 0.9840 0.9842 1.0000 -0.0750 -0.0091 0.0009 -0.0787 0.9880 0.0082 -0.0077 0.0099 0.0273 -0.4264 0.8871 0.0068 0.0145 -0.8619 -0.4166 1.950424 
632.4670 42.721 115.452 -0.41984 0.88211 0.730 0.0000 0.07788 10.0000 59.75 0.9843 0.9845 1.0000 -0.0762 -0.0086 0.0007 -0.0786 0.9883 0.0081 -0.0077 0.0097 0.0273 -0.4224 0.8896 0.0071 0.0149 -0.8643 -0.4124 1.960327 
629.7104 42.722 115.229 -0.41642 0.88379 0.725 0.0000 0.07787 10.0000 57.94 0.9844 0.9845 1.0000 -0.0765 -0.0084 0.0004 -0.0783 0.9883 0.0078 -0.0079 0.0095 0.0274 -0.4191 0.8913 0.0071 0.0147 -0.8660 -0.4089 1.968908 
626.9500 42.727 115.019 -0.41323 0.88539 0.722 0.0000 0.07767 10.0000 58.24 0.9844 0.9846 1.0000 -0.0766 -0.0082 -0.0001 -0.0778 0.9884 0.0078 -0.0081 0.0094 0.0276 -0.4161 0.8928 0.0073 0.0147 -0.8677 -0.4056 1.977577 
623.7246 42.742 114.770 -0.40936 0.88716 0.720 0.0000 0.07717 10.0000 58.46 0.9846 0.9848 1.0000 -0.0760 -0.0083 -0.0010 -0.0775 0.9888 0.0076 -0.0077 0.0092 0.0276 -0.4124 0.8947 0.0073 0.0143 -0.8697 -0.4018 1.987803 
620.9557 42.752 114.569 -0.40634 0.88880 0.723 0.0000 0.07684 10.0000 57.76 0.9848 0.9850 1.0000 -0.0754 -0.0085 -0.0018 -0.0774 0.9890 0.0074 -0.0073 0.0091 0.0276 -0.4092 0.8961 0.0074 0.0143 -0.8717 -0.3990 1.996667 
618.1830 42.749 114.349 -0.40293 0.89036 0.720 0.0000 0.07696 10.0000 56.77 0.9850 0.9851 1.0000 -0.0752 -0.0086 -0.0025 -0.0779 0.9893 0.0074 -0.0067 0.0088 0.0266 -0.4059 0.8979 0.0076 0.0145 -0.8733 -0.3957 2.005623 
614.9432 42.732 114.068 -0.39883 0.89294 0.716 0.0000 0.07758 10.0000 57.26 0.9853 0.9854 1.0000 -0.0758 -0.0084 -0.0031 -0.0785 0.9892 0.0074 -0.0062 0.0087 0.0260 -0.4016 0.9003 0.0079 0.0151 -0.8759 -0.3918 2.016189 
612.1619 42.710 113.811 -0.39481 0.89468 0.711 0.0000 0.07835 10.0000 56.86 0.9854 0.9856 1.0000 -0.0765 -0.0081 -0.0033 -0.0794 0.9895 0.0078 -0.0060 0.0083 0.0253 -0.3978 0.9020 0.0082 0.0153 -0.8780 -0.3877 2.025350 
609.3767 42.684 113.552 -0.39087 0.89671 0.708 0.0000 0.07924 10.0000 57.18 0.9858 0.9860 1.0000 -0.0777 -0.0078 -0.0033 -0.0800 0.9900 0.0078 -0.0060 0.0081 0.0248 -0.3941 0.9042 0.0087 0.0160 -0.8802 -0.3837 2.034607 
606.1223 42.661 113.251 -0.38624 0.89894 0.704 0.0000 0.08007 10.0000 57.34 0.9861 0.9863 1.0000 -0.0786 -0.0074 -0.0032 -0.0807 0.9903 0.0079 -0.0059 0.0079 0.0246 -0.3899 0.9064 0.0089 0.0163 -0.8828 -0.3789 2.045531 
603.3284 42.650 113.001 -0.38247 0.90100 0.695 0.0000 0.08046 10.0000 57.65 0.9865 0.9866 1.0000 -0.0793 -0.0069 -0.0033 -0.0809 0.9905 0.0083 -0.0059 0.0079 0.0244 -0.3865 0.9081 0.0092 0.0170 -0.8853 -0.3748 2.055003 
600.5306 42.639 112.755 -0.37871 0.90293 0.696 0.0000 0.08088 10.0000 55.12 0.9869 0.9871 1.0000 -0.0799 -0.0065 -0.0034 -0.0811 0.9911 0.0088 -0.0056 0.0077 0.0241 -0.3829 0.9099 0.0095 0.0176 -0.8879 -0.3711 2.064577 
597.2613 42.631 112.480 -0.37449 0.90501 0.691 0.0000 0.08117 10.0000 54.79 0.9873 0.9875 1.0000 -0.0802 -0.0060 -0.0037 -0.0814 0.9917 0.0091 -0.0052 0.0074 0.0239 -0.3789 0.9118 0.0096 0.0182 -0.8907 -0.3670 2.075879 
594.4547 42.625 112.237 -0.37076 0.90685 0.693 0.0000 0.08141 10.0000 55.30 0.9877 0.9878 1.0000 -0.0803 -0.0056 -0.0041 -0.0819 0.9921 0.0091 -0.0045 0.0071 0.0233 -0.3752 0.9135 0.0097 0.0190 -0.8930 -0.3634 2.085679 
591.6440 42.612 111.992 -0.36703 0.90879 0.685 0.0000 0.08189 10.0000 53.15 0.9880 0.9881 1.0000 -0.0806 -0.0052 -0.0047 -0.0826 0.9923 0.0092 -0.0040 0.0068 0.0225 -0.3717 0.9152 0.0097 0.0197 -0.8953 -0.3596 2.095588 
588.3597 42.593 111.697 -0.36251 0.91106 0.686 0.0000 0.08259 10.0000 53.05 0.9886 0.9888 1.0000 -0.0812 -0.0049 -0.0050 -0.0835 0.9931 0.0090 -0.0027 0.0064 0.0217 -0.3673 0.9175 0.0096 0.0206 -0.8983 -0.3552 2.107286 
585.5402 42.570 111.437 -0.35855 0.91319 0.682 0.0000 0.08342 10.0000 53.56 0.9890 0.9891 1.0000 -0.0820 -0.0045 -0.0053 -0.0843 0.9931 0.0088 -0.0017 0.0063 0.0208 -0.3634 0.9193 0.0096 0.0216 -0.9009 -0.3512 2.117433 
582.7166 42.547 111.185 -0.35476 0.91534 0.683 0.0000 0.08427 10.0000 52.36 0.9896 0.9897 1.0000 -0.0830 -0.0042 -0.0055 -0.0850 0.9937 0.0086 -0.0009 0.0060 0.0199 -0.3597 0.9214 0.0096 0.0225 -0.9035 -0.3476 2.127693 
579.4171 42.520 110.876 -0.35008 0.91795 0.677 0.0000 0.08528 10.0000 51.87 0.9899 0.9901 1.0000 -0.0844 -0.0038 -0.0057 -0.0856 0.9935 0.0086 -0.0001 0.0060 0.0192 -0.3551 0.9237 0.0095 0.0236 -0.9063 -0.3428 2.139809 
576.5844 42.504 110.624 -0.34609 0.91960 0.676 0.0000 0.08582 10.0000 52.48 0.9903 0.9905 1.0000 -0.0851 -0.0035 -0.0058 -0.0860 0.9942 0.0086 0.0004 0.0058 0.0187 -0.3514 0.9254 0.0092 0.0242 -0.9085 -0.3388 2.150322 
573.7476 42.488 110.380 -0.34233 0.92146 0.680 0.0000 0.08641 10.0000 50.48 0.9906 0.9907 1.0000 -0.0859 -0.0033 -0.0059 -0.0864 0.9942 0.0086 0.0008 0.0059 0.0185 -0.3478 0.9271 0.0091 0.0249 -0.9104 -0.3349 2.160953 
570.4327 42.480 110.085 -0.33776 0.92372 0.674 0.0000 0.08673 10.0000 50.11 0.9909 0.9910 1.0000 -0.0863 -0.0030 -0.0061 -0.0867 0.9943 0.0083 0.0014 0.0060 0.0182 -0.3434 0.9292 0.0087 0.0256 -0.9130 -0.3302 2.173511 
567.5867 42.476 109.845 -0.33404 0.92556 0.674 0.0000 0.08691 10.0000 48.98 0.9913 0.9915 1.0000 -0.0866 -0.0028 -0.0063 -0.0868 0.9947 0.0081 0.0019 0.0061 0.0183 -0.3400 0.9309 0.0084 0.0263 -0.9154 -0.3264 2.184410 
564.7366 42.466 109.593 -0.33008 0.92735 0.671 0.0000 0.08731 10.0000 49.40 0.9917 0.9918 1.0000 -0.0871 -0.0026 -0.0064 -0.0871 0.9950 0.0081 0.0023 0.0060 0.0184 -0.3361 0.9323 0.0083 0.0266 -0.9177 -0.3224 2.195434 
561.4060 42.458 109.292 -0.32518 0.92901 0.665 0.0000 0.08756 10.0000 48.85 0.9922 0.9923 1.0000 -0.0874 -0.0025 -0.0066 -0.0873 0.9960 0.0078 0.0029 0.0058 0.0185 -0.3316 0.9338 0.0080 0.0271 -0.9205 -0.3175 2.208459 
558.5466 42.453 109.011 -0.32063 0.93061 0.662 0.0000 0.08774 10.0000 47.39 0.9926 0.9927 1.0000 -0.0876 -0.0023 -0.0066 -0.0876 0.9969 0.0074 0.0031 0.0057 0.0185 -0.3273 0.9354 0.0078 0.0272 -0.9229 -0.3129 2.219765 
555.6830 42.448 108.740 -0.31628 0.93229 0.659 0.0000 0.08792 10.0000 46.05 0.9931 0.9933 1.0000 -0.0879 -0.0020 -0.0068 -0.0877 0.9977 0.0071 0.0031 0.0055 0.0186 -0.3234 0.9369 0.0077 0.0273 -0.9256 -0.3084 2.231204 
552.3365 42.445 108.394 -0.31055 0.93389 0.658 0.0000 0.08800 10.0000 44.49 0.9937 0.9938 1.0000 -0.0881 -0.0018 -0.0067 -0.0879 0.9992 0.0067 0.0029 0.0052 0.0187 -0.3182 0.9383 0.0074 0.0267 -0.9287 -0.3026 2.244722 
549.4636 42.440 108.094 -0.30567 0.93555 0.655 0.0000 0.08819 10.0000 44.10 0.9943 0.9945 1.0000 -0.0885 -0.0016 -0.0067 -0.0879 1.0005 0.0064 0.0023 0.0049 0.0186 -0.3137 0.9397 0.0074 0.0268 -0.9318 -0.2978 2.256459 
546.5862 42.435 107.794 -0.30073 0.93697 0.654 0.0000 0.08834 10.0000 42.31 0.9949 0.9950 1.0000 -0.0888 -0.0016 -0.0066 -0.0880 1.0017 0.0061 0.0019 0.0046 0.0185 -0.3089 0.9407 0.0073 0.0264 -0.9348 -0.2930 2.268337 
543.2238 42.424 107.439 -0.29493 0.93885 0.652 0.0000 0.08873 10.0000 40.27 0.9955 0.9956 1.0000 -0.0892 -0.0014 -0.0068 -0.0885 1.0028 0.0060 0.0015 0.0042 0.0181 -0.3036 0.9420 0.0072 0.0262 -0.9383 -0.2870 2.282378 
540.3370 42.412 107.136 -0.28998 0.94051 0.648 0.0000 0.08915 10.0000 37.81 0.9961 0.9962 1.0000 -0.0895 -0.0014 -0.0073 -0.0892 1.0039 0.0058 0.0012 0.0038 0.0176 -0.2993 0.9435 0.0070 0.0261 -0.9412 -0.2818 2.294572 
537.4457 42.393 106.844 -0.28532 0.94241 0.645 0.0000 0.08984 10.0000 36.02 0.9967 0.9968 1.0000 -0.0899 -0.0012 -0.0078 -0.0902 1.0045 0.0057 0.0012 0.0034 0.0166 -0.2951 0.9453 0.0068 0.0261 -0.9438 -0.2768 2.306916 
534.0671 42.372 106.486 -0.27960 0.94474 0.643 0.0000 0.09064 10.0000 33.91 0.9972 0.9974 1.0000 -0.0907 -0.0010 -0.0083 -0.0910 1.0050 0.0054 0.0011 0.0028 0.0151 -0.2901 0.9475 0.0068 0.0262 -0.9467 -0.2705 2.321510 
531.1663 42.347 106.189 -0.27483 0.94668 0.642 0.0000 0.09155 10.0000 32.17 0.9977 0.9979 1.0000 -0.0916 -0.0008 -0.0087 -0.0920 1.0054 0.0053 0.0018 0.0024 0.0141 -0.2861 0.9495 0.0068 0.0265 -0.9490 -0.2650 2.334188 
528.2610 42.320 105.889 -0.26993 0.94832 0.645 0.0000 0.09251 10.0000 29.74 0.9979 0.9981 1.0000 -0.0925 -0.0008 -0.0091 -0.0931 1.0055 0.0048 0.0025 0.0020 0.0131 -0.2820 0.9509 0.0069 0.0268 -0.9509 -0.2594 2.347025 
524.8660 42.294 105.560 -0.26468 0.95055 0.644 0.0000 0.09349 10.0000 28.69 0.9980 0.9982 1.0000 -0.0934 -0.0010 -0.0098 -0.0940 1.0048 0.0038 0.0034 0.0015 0.0124 -0.2775 0.9527 0.0070 0.0275 -0.9530 -0.2531 2.362206 
521.9510 42.277 105.282 -0.26038 0.95297 0.637 0.0000 0.09419 10.0000 26.45 0.9981 0.9982 1.0000 -0.0942 -0.0010 -0.0105 -0.0945 1.0037 0.0032 0.0042 0.0012 0.0119 -0.2740 0.9546 0.0071 0.0280 -0.9549 -0.2478 2.375399 
518.5446 42.263 104.946 -0.25514 0.95582 0.627 0.0000 0.09479 10.0000 24.34 0.9982 0.9983 1.0000 -0.0947 -0.0012 -0.0111 -0.0951 1.0025 0.0023 0.0058 0.0007 0.0108 -0.2692 0.9571 0.0072 0.0282 -0.9570 -0.2417 2.391003 
515.6198 42.250 104.647 -0.25034 0.95786 0.631 0.0000 0.09534 10.0000 22.90 0.9983 0.9984 1.0000 -0.0953 -0.0014 -0.0115 -0.0955 1.0018 0.0012 0.0070 0.0005 0.0099 -0.2648 0.9592 0.0074 0.0282 -0.9583 -0.2364 2.404566 
512.6906 42.238 104.341 -0.24533 0.95960 0.634 0.0000 0.09579 10.0000 20.83 0.9985 0.9986 1.0000 -0.0959 -0.0017 -0.0115 -0.0958 1.0017 -0.0001 0.0080 0.0000 0.0091 -0.2602 0.9610 0.0078 0.0285 -0.9598 -0.2309 2.418304 
509.2673 42.230 103.956 -0.23889 0.96131 0.633 0.0000 0.09606 10.0000 21.13 0.9985 0.9987 1.0000 -0.0962 -0.0019 -0.0113 -0.0961 1.0017 -0.0015 0.0093 -0.0003 0.0084 -0.2544 0.9628 0.0078 0.0296 -0.9615 -0.2238 2.434560 
506.3282 42.222 103.625 -0.23345 0.96315 0.641 0.0000 0.09640 10.0000 19.24 0.9987 0.9989 1.0000 -0.0967 -0.0023 -0.0113 -0.0963 1.0016 -0.0025 0.0098 -0.0005 0.0081 -0.2496 0.9643 0.0080 0.0303 -0.9635 -0.2176 2.448692 
503.3844 42.216 103.285 -0.22793 0.96537 0.654 0.0000 0.09670 10.0000 18.23 0.9984 0.9986 1.0000 -0.0969 -0.0028 -0.0113 -0.0965 1.0001 -0.0034 0.0104 -0.0007 0.0078 -0.2447 0.9659 0.0079 0.0308 -0.9649 -0.2112 2.463012 
499.9442 42.224 102.899 -0.22159 0.96754 0.666 0.0000 0.09647 10.0000 16.28 0.9989 0.9990 1.0000 -0.0966 -0.0031 -0.0110 -0.0964 1.0003 -0.0046 0.0108 -0.0011 0.0074 -0.2390 0.9685 0.0076 0.0308 -0.9669 -0.2042 2.479960 
496.9904 42.230 102.555 -0.21575 0.96873 0.697 0.0000 0.09627 10.0000 15.16 0.9991 0.9993 1.0000 -0.0964 -0.0033 -0.0105 -0.0962 1.0010 -0.0055 0.0110 -0.0015 0.0071 -0.2338 0.9703 0.0074 0.0304 -0.9681 -0.1979 2.494700 
494.0320 42.229 102.188 -0.20948 0.96989 0.743 0.0000 0.09627 10.0000 13.85 0.9994 0.9996 1.0000 -0.0967 -0.0033 -0.0099 -0.0960 1.0017 -0.0068 0.0108 -0.0019 0.0071 -0.2281 0.9721 0.0068 0.0304 -0.9694 -0.1912 2.509639 
490.5746 42.231 101.760 -0.20206 0.97062 0.778 0.0000 0.09611 10.0000 11.49 0.9991 0.9992 1.0000 -0.0969 -0.0033 -0.0094 -0.0955 1.0019 -0.0077 0.0100 -0.0025 0.0069 -0.2213 0.9733 0.0062 0.0308 -0.9698 -0.1832 2.527326 
487.6060 42.235 101.397 -0.19597 0.97222 0.853 0.0000 0.09602 10.0000 10.76 0.9983 0.9984 1.0000 -0.0969 -0.0035 -0.0091 -0.0952 0.9999 -0.0081 0.0093 -0.0028 0.0069 -0.2153 0.9745 0.0054 0.0312 -0.9699 -0.1766 2.542713 
484.6327 42.238 101.022 -0.18972 0.97402 0.964 0.0000 0.09597 10.0000 9.84 0.9975 0.9977 1.0000 -0.0969 -0.0034 -0.0087 -0.0948 0.9979 -0.0081 0.0089 -0.0031 0.0063 -0.2091 0.9757 0.0049 0.0315 -0.9703 -0.1700 2.558313 
481.1579 42.250 100.585 -0.18255 0.97683 1.190 0.0000 0.09570 10.0000 9.53 0.9973 0.9975 1.0000 -0.0969 -0.0036 -0.0084 -0.0942 0.9961 -0.0086 0.0080 -0.0038 0.0056 -0.2016 0.9781 0.0039 0.0312 -0.9718 -0.1628 2.576788 
478.1744 42.260 100.234 -0.17667 0.97855 1.464 0.0000 0.09539 10.0000 9.97 0.9978 0.9980 1.0000 -0.0967 -0.0038 -0.0082 -0.0937 0.9965 -0.0093 0.0073 -0.0043 0.0035 -0.1959 0.9804 0.0033 0.0312 -0.9733 -0.1568 2.592865 
475.1861 42.266 99.879 -0.17079 0.98073 1.750 0.0000 0.09529 10.0000 11.26 0.9989 0.9991 1.0000 -0.0968 -0.0038 -0.0083 -0.0935 0.9976 -0.0098 0.0070 -0.0049 0.0026 -0.1901 0.9836 0.0029 0.0318 -0.9754 -0.1511 2.609171 
471.6937 42.274 99.465 -0.16382 0.98268 2.112 0.0000 0.09510 10.0000 13.51 0.9996 0.9998 1.0000 -0.0966 -0.0036 -0.0084 -0.0934 0.9982 -0.0090 0.0079 -0.0052 0.0005 -0.1830 0.9863 0.0024 0.0340 -0.9773 -0.1444 2.628489 
468.6950 42.293 99.164 -0.15886 0.98481 2.682 0.0000 0.09453 10.0000 16.05 0.9998 1.0000 1.0000 -0.0961 -0.0037 -0.0090 -0.0928 0.9975 -0.0091 0.0077 -0.0056 -0.0016 -0.1781 0.9883 0.0023 0.0351 -0.9788 -0.1393 2.645306 
465.6915 42.316 98.891 -0.15443 0.98717 3.653 0.0000 0.09387 10.0000 20.82 1.0014 1.0016 1.0000 -0.0951 -0.0039 -0.0093 -0.0925 0.9990 -0.0094 0.0075 -0.0059 -0.0028 -0.1737 0.9915 0.0024 0.0358 -0.9818 -0.1350 2.662367 
462.1813 42.348 98.550 -0.14862 0.98850 4.987 0.0000 0.09280 10.0000 26.46 1.0015 1.0017 1.0000 -0.0941 -0.0043 -0.0097 -0.0914 0.9989 -0.0099 0.0094 -0.0066 -0.0043 -0.1671 0.9935 0.0023 0.0363 -0.9824 -0.1299 2.682588 
459.1674 42.383 98.299 -0.14431 0.98933 5.323 0.0000 0.09159 10.0000 26.13 1.0039 1.0041 1.0000 -0.0934 -0.0041 -0.0102 -0.0901 1.0036 -0.0107 0.0100 -0.0070 -0.0049 -0.1627 0.9968 0.0026 0.0370 -0.9854 -0.1265 2.700196 
456.1485 42.413 98.023 -0.13945 0.98930 4.600 0.0000 0.09048 10.0000 21.41 1.0043 1.0045 1.0000 -0.0925 -0.0041 -0.0106 -0.0889 1.0052 -0.0109 0.0114 -0.0074 -0.0057 -0.1570 0.9986 0.0026 0.0382 -0.9851 -0.1226 2.718066 
452.6203 42.448 97.707 -0.13386 0.98918 3.324 0.0000 0.08915 10.0000 13.99 1.0029 1.0031 1.0000 -0.0915 -0.0046 -0.0107 -0.0871 1.0034 -0.0116 0.0131 -0.0073 -0.0055 -0.1501 0.9989 0.0026 0.0375 -0.9828 -0.1181 2.739254 
449.5909 42.479 97.406 -0.12855 0.98895 2.458 0.0000 0.08799 10.0000 9.58 1.0019 1.0021 1.0000 -0.0910 -0.0049 -0.0105 -0.0852 1.0025 -0.0125 0.0145 -0.0073 -0.0056 -0.1432 0.9998 0.0024 0.0362 -0.9805 -0.1142 2.757711 
446.5565 42.509 97.090 -0.12294 0.98847 1.887 0.0000 0.08682 10.0000 6.69 1.0006 1.0008 1.0000 -0.0906 -0.0052 -0.0099 -0.0832 1.0012 -0.0137 0.0161 -0.0072 -0.0057 -0.1357 1.0006 0.0022 0.0342 -0.9775 -0.1103 2.776450 
443.0101 42.545 96.701 -0.11607 0.98783 1.438 0.0000 0.08544 10.0000 4.71 0.9991 0.9993 1.0000 -0.0903 -0.0055 -0.0089 -0.0805 0.9998 -0.0154 0.0180 -0.0070 -0.0055 -0.1263 1.0019 0.0017 0.0310 -0.9735 -0.1058 2.798676 
439.9650 42.571 96.410 -0.11085 0.98672 1.125 0.0000 0.08440 10.0000 3.55 0.9971 0.9973 1.0000 -0.0902 -0.0057 -0.0080 -0.0784 0.9975 -0.0168 0.0194 -0.0068 -0.0054 -0.1189 1.0019 0.0014 0.0282 -0.9692 -0.1025 2.818047 

# MINIMA:
439.9650 42.216 96.410 -0.69889 0.65414 0.627 0.0000 0.04147 10.0000 3.55 0.9345 0.9357 1.0000 -0.0969 -0.0272 -0.0115 -0.0965 0.9061 -0.0168 -0.0134 -0.0074 -0.0057 -0.6533 0.6176 -0.0151 -0.0143 -0.9854 -0.6898 1.242747 

# MAXIMA:
997.6623 43.758 136.894 -0.11085 0.98933 5.323 0.0000 0.09670 10.0000 62.72 1.0043 1.0045 1.0000 -0.0382 -0.0008 0.0309 -0.0411 1.0055 0.0446 0.0194 0.0360 0.0618 -0.1189 1.0019 0.0097 0.0382 -0.6292 -0.1025 2.818047 

# PEAKS:

# END SPECTRUM

