## SPECTRUM TYPE:
LCE

## DATE:
5/11/2025

## COMMENTS:

## NUMBER OF SPECTRUM:
1

## ELLIPSOMETRIC CONFIGURATION:
0.00 ø :Modulator
+45.00 øAnalyser

## UNIT:
nm

## SPOT SIZE:



# SPECTRUM:
1

# CAPTION:


# START TIME:
19:27:51

# END TIME:
19:27:51

# THETA ANGLE:
0.00 ø

# INCIDENCE ANGLE:
65.00 ø

# ACCUMULATION NUMBER:
25

# ELLIPSOMETRIC CONFIGURATION:
0.00 ø :Modulator
+45.00 øAnalyser

# INTEGRATION TIME:
9 ms

# FIRST POINT:
997.66 nm

# LAST POINT:
439.96 nm

# INCREMENT:
0.00 nm

# NUMBER OF POINTS:
200

# DATA:
nm Psi Delta Ic Is Reflectance Transmission IcPrim IntegrationTime IntensityMax Polarization PolarizationGen Mueller11 Mueller12 Mueller13 Mueller14 Mueller21 Mueller22 Mueller23 Mueller24 Mueller31 Mueller32 Mueller33 Mueller34 Mueller41 Mueller42 Mueller43 Mueller44 eV 
997.6623 43.397 136.187 -0.68872 0.66076 0.883 0.0000 0.05347 9.0000 3.81 0.9344 0.9350 1.0000 -0.0418 -0.0312 0.0194 -0.0603 0.9088 0.0212 -0.0101 0.0238 0.0506 -0.6304 0.6308 0.0017 0.0038 -0.6305 -0.6842 1.242747 
994.8812 43.458 136.210 -0.68816 0.65970 0.899 0.0000 0.05136 9.0000 4.09 0.9372 0.9379 1.0000 -0.0412 -0.0280 0.0183 -0.0572 0.9160 0.0265 -0.0091 0.0242 0.0484 -0.6330 0.6371 -0.0046 -0.0014 -0.6268 -0.6855 1.246221 
992.4958 43.499 136.222 -0.68818 0.65945 0.917 0.0000 0.05000 9.0000 4.19 0.9399 0.9405 1.0000 -0.0409 -0.0254 0.0175 -0.0552 0.9218 0.0304 -0.0079 0.0245 0.0469 -0.6360 0.6410 -0.0083 -0.0044 -0.6263 -0.6866 1.249216 
990.1091 43.528 136.225 -0.68854 0.65970 0.895 0.0000 0.04905 9.0000 4.38 0.9426 0.9432 1.0000 -0.0409 -0.0228 0.0168 -0.0537 0.9271 0.0339 -0.0064 0.0246 0.0459 -0.6392 0.6433 -0.0102 -0.0060 -0.6280 -0.6876 1.252228 
987.3229 43.585 136.117 -0.68960 0.66324 0.911 0.0000 0.04730 9.0000 4.65 0.9487 0.9493 1.0000 -0.0406 -0.0175 0.0155 -0.0511 0.9368 0.0387 -0.0030 0.0246 0.0464 -0.6457 0.6442 -0.0079 -0.0011 -0.6403 -0.6899 1.255761 
984.9332 43.563 136.239 -0.68837 0.65922 0.897 0.0000 0.04785 9.0000 4.81 0.9468 0.9476 1.0000 -0.0402 -0.0166 0.0149 -0.0524 0.9366 0.0432 -0.0036 0.0260 0.0478 -0.6465 0.6374 -0.0090 -0.0100 -0.6392 -0.6866 1.258808 
982.5420 43.550 136.234 -0.68823 0.65920 0.890 0.0000 0.04829 9.0000 4.90 0.9443 0.9450 1.0000 -0.0413 -0.0199 0.0142 -0.0520 0.9316 0.0373 -0.0010 0.0240 0.0452 -0.6486 0.6335 -0.0083 -0.0080 -0.6398 -0.6808 1.261872 
979.7505 43.646 136.038 -0.68594 0.66151 0.870 0.0000 0.04507 9.0000 5.04 0.9454 0.9460 1.0000 -0.0402 -0.0197 0.0154 -0.0470 0.9340 0.0313 0.0019 0.0228 0.0477 -0.6480 0.6354 -0.0044 -0.0043 -0.6440 -0.6786 1.265467 
977.3562 43.691 136.257 -0.68767 0.65815 0.903 0.0000 0.04354 9.0000 5.23 0.9456 0.9462 1.0000 -0.0390 -0.0182 0.0169 -0.0453 0.9356 0.0315 0.0001 0.0253 0.0494 -0.6527 0.6308 -0.0047 -0.0057 -0.6431 -0.6784 1.268567 
974.9604 43.650 136.225 -0.68788 0.65909 0.880 0.0000 0.04494 9.0000 5.64 0.9433 0.9438 1.0000 -0.0403 -0.0159 0.0164 -0.0464 0.9299 0.0326 0.0012 0.0200 0.0415 -0.6518 0.6288 -0.0034 -0.0035 -0.6432 -0.6758 1.271684 
972.1634 43.651 135.986 -0.68783 0.66456 0.869 0.0000 0.04506 9.0000 5.79 0.9465 0.9470 1.0000 -0.0401 -0.0158 0.0194 -0.0470 0.9330 0.0318 0.0045 0.0169 0.0387 -0.6491 0.6356 0.0010 0.0047 -0.6489 -0.6805 1.275343 
969.7643 43.551 135.872 -0.68668 0.66608 0.889 0.0000 0.04844 9.0000 6.03 0.9423 0.9427 1.0000 -0.0447 -0.0201 0.0159 -0.0484 0.9238 0.0276 -0.0028 0.0196 0.0346 -0.6434 0.6376 0.0042 0.0063 -0.6438 -0.6776 1.278498 
967.3636 43.560 135.773 -0.68635 0.66807 0.890 0.0000 0.04817 9.0000 6.36 0.9420 0.9424 1.0000 -0.0448 -0.0192 0.0164 -0.0478 0.9220 0.0287 -0.0005 0.0186 0.0309 -0.6422 0.6428 0.0040 0.0089 -0.6412 -0.6769 1.281671 
964.5610 43.561 135.722 -0.68931 0.67214 0.890 0.0000 0.04839 9.0000 6.40 0.9470 0.9474 1.0000 -0.0452 -0.0193 0.0177 -0.0481 0.9276 0.0278 0.0009 0.0179 0.0315 -0.6463 0.6502 0.0036 0.0117 -0.6455 -0.6824 1.285395 
962.1569 43.513 135.596 -0.69129 0.67705 0.904 0.0000 0.05027 9.0000 6.62 0.9508 0.9512 1.0000 -0.0470 -0.0194 0.0169 -0.0501 0.9305 0.0289 -0.0008 0.0170 0.0293 -0.6480 0.6562 0.0052 0.0158 -0.6509 -0.6866 1.288607 
959.7513 43.584 135.357 -0.68947 0.68093 0.896 0.0000 0.04792 9.0000 6.99 0.9534 0.9539 1.0000 -0.0446 -0.0185 0.0145 -0.0481 0.9347 0.0323 -0.0005 0.0187 0.0316 -0.6480 0.6610 0.0058 0.0181 -0.6564 -0.6859 1.291837 
956.9427 43.554 135.393 -0.68947 0.68007 0.899 0.0000 0.04893 9.0000 7.27 0.9527 0.9532 1.0000 -0.0437 -0.0208 0.0140 -0.0509 0.9338 0.0372 -0.0017 0.0223 0.0355 -0.6501 0.6619 0.0017 0.0110 -0.6532 -0.6832 1.295628 
954.5336 43.532 135.487 -0.69036 0.67873 0.915 0.0000 0.04966 9.0000 7.67 0.9532 0.9537 1.0000 -0.0442 -0.0234 0.0142 -0.0519 0.9351 0.0361 -0.0019 0.0220 0.0331 -0.6529 0.6621 -0.0025 0.0044 -0.6513 -0.6830 1.298898 
952.1228 43.540 135.485 -0.69101 0.67940 0.909 0.0000 0.04944 9.0000 7.68 0.9531 0.9536 1.0000 -0.0438 -0.0255 0.0139 -0.0519 0.9341 0.0339 -0.0011 0.0200 0.0331 -0.6560 0.6629 -0.0058 0.0011 -0.6511 -0.6804 1.302187 
949.3082 43.565 135.374 -0.69055 0.68159 0.899 0.0000 0.04864 9.0000 7.76 0.9542 0.9546 1.0000 -0.0436 -0.0282 0.0159 -0.0505 0.9351 0.0287 0.0017 0.0215 0.0352 -0.6572 0.6670 -0.0070 -0.0004 -0.6519 -0.6790 1.306048 
946.8937 43.506 135.323 -0.69210 0.68435 0.908 0.0000 0.05082 9.0000 8.16 0.9546 0.9551 1.0000 -0.0457 -0.0268 0.0169 -0.0525 0.9328 0.0290 0.0017 0.0223 0.0354 -0.6580 0.6690 -0.0070 -0.0014 -0.6538 -0.6797 1.309378 
944.4776 43.450 135.171 -0.69062 0.68651 0.916 0.0000 0.05273 9.0000 8.20 0.9524 0.9528 1.0000 -0.0488 -0.0278 0.0158 -0.0529 0.9277 0.0251 0.0005 0.0230 0.0343 -0.6547 0.6701 -0.0062 0.0003 -0.6533 -0.6766 1.312728 
941.6566 43.425 135.021 -0.69038 0.68988 0.915 0.0000 0.05370 9.0000 8.59 0.9543 0.9547 1.0000 -0.0502 -0.0256 0.0169 -0.0534 0.9294 0.0255 0.0038 0.0211 0.0330 -0.6541 0.6741 -0.0047 0.0048 -0.6569 -0.6779 1.316660 
939.2368 43.380 134.837 -0.68936 0.69329 0.915 0.0000 0.05535 9.0000 8.75 0.9557 0.9561 1.0000 -0.0533 -0.0256 0.0180 -0.0535 0.9306 0.0234 0.0035 0.0205 0.0302 -0.6514 0.6783 -0.0027 0.0060 -0.6602 -0.6795 1.320052 
936.4113 43.357 134.674 -0.68857 0.69645 0.927 0.0000 0.05623 9.0000 9.15 0.9557 0.9560 1.0000 -0.0537 -0.0217 0.0193 -0.0548 0.9289 0.0252 0.0073 0.0162 0.0250 -0.6499 0.6795 -0.0020 0.0071 -0.6639 -0.6782 1.324036 
933.9876 43.367 134.536 -0.68654 0.69774 0.910 0.0000 0.05587 9.0000 9.26 0.9563 0.9566 1.0000 -0.0541 -0.0203 0.0192 -0.0538 0.9307 0.0241 0.0058 0.0149 0.0253 -0.6480 0.6799 -0.0008 0.0079 -0.6672 -0.6775 1.327471 
931.5621 43.353 134.273 -0.68465 0.70224 0.908 0.0000 0.05644 9.0000 9.52 0.9580 0.9583 1.0000 -0.0546 -0.0187 0.0177 -0.0545 0.9323 0.0230 0.0047 0.0128 0.0251 -0.6472 0.6851 0.0000 0.0108 -0.6719 -0.6758 1.330928 
928.7301 43.426 133.946 -0.68007 0.70557 0.925 0.0000 0.05390 9.0000 9.94 0.9589 0.9591 1.0000 -0.0525 -0.0174 0.0174 -0.0518 0.9349 0.0220 0.0054 0.0127 0.0251 -0.6434 0.6883 0.0017 0.0120 -0.6769 -0.6725 1.334986 
926.3006 43.510 133.828 -0.67607 0.70432 0.901 0.0000 0.05081 9.0000 9.93 0.9595 0.9598 1.0000 -0.0491 -0.0163 0.0176 -0.0494 0.9400 0.0238 0.0058 0.0133 0.0276 -0.6417 0.6873 0.0001 0.0093 -0.6791 -0.6699 1.338488 
923.8693 43.554 133.934 -0.67488 0.70048 0.919 0.0000 0.04914 9.0000 10.46 0.9581 0.9584 1.0000 -0.0467 -0.0163 0.0183 -0.0486 0.9408 0.0255 0.0054 0.0136 0.0279 -0.6421 0.6830 -0.0008 0.0058 -0.6765 -0.6677 1.342010 
921.0304 43.561 133.852 -0.67293 0.70045 0.924 0.0000 0.04884 9.0000 10.54 0.9576 0.9579 1.0000 -0.0473 -0.0157 0.0179 -0.0475 0.9412 0.0260 0.0021 0.0135 0.0279 -0.6406 0.6831 -0.0014 0.0018 -0.6766 -0.6656 1.346147 
918.5950 43.602 133.808 -0.67194 0.70051 0.913 0.0000 0.04741 9.0000 10.87 0.9574 0.9577 1.0000 -0.0457 -0.0172 0.0182 -0.0463 0.9414 0.0231 0.0015 0.0163 0.0312 -0.6408 0.6834 -0.0016 0.0009 -0.6766 -0.6638 1.349716 
916.1577 43.638 133.674 -0.66851 0.70020 0.914 0.0000 0.04607 9.0000 10.34 0.9555 0.9558 1.0000 -0.0444 -0.0173 0.0168 -0.0450 0.9400 0.0229 -0.0013 0.0180 0.0335 -0.6377 0.6833 -0.0021 0.0004 -0.6751 -0.6592 1.353306 
913.3118 43.706 133.509 -0.66496 0.70050 0.934 0.0000 0.04365 9.0000 11.39 0.9548 0.9552 1.0000 -0.0419 -0.0178 0.0165 -0.0428 0.9410 0.0220 -0.0035 0.0195 0.0357 -0.6350 0.6851 -0.0010 0.0031 -0.6746 -0.6557 1.357523 
910.8703 43.755 133.573 -0.66512 0.69911 0.923 0.0000 0.04196 9.0000 11.47 0.9550 0.9554 1.0000 -0.0402 -0.0179 0.0164 -0.0413 0.9424 0.0234 -0.0039 0.0201 0.0368 -0.6361 0.6846 -0.0002 0.0053 -0.6733 -0.6559 1.361162 
908.4269 43.766 133.460 -0.66286 0.69950 0.913 0.0000 0.04154 9.0000 11.68 0.9539 0.9543 1.0000 -0.0406 -0.0176 0.0150 -0.0401 0.9414 0.0235 -0.0070 0.0198 0.0355 -0.6333 0.6841 0.0001 0.0050 -0.6739 -0.6536 1.364823 
905.5737 43.742 133.374 -0.66178 0.70044 0.931 0.0000 0.04233 9.0000 11.69 0.9521 0.9525 1.0000 -0.0407 -0.0184 0.0152 -0.0413 0.9377 0.0244 -0.0072 0.0196 0.0344 -0.6305 0.6847 -0.0002 0.0053 -0.6725 -0.6518 1.369123 
903.1259 43.750 133.232 -0.65931 0.70131 0.933 0.0000 0.04203 9.0000 12.21 0.9512 0.9516 1.0000 -0.0407 -0.0199 0.0142 -0.0407 0.9368 0.0226 -0.0090 0.0196 0.0352 -0.6277 0.6856 -0.0015 0.0045 -0.6727 -0.6493 1.372834 
900.6761 43.742 133.044 -0.65699 0.70344 0.939 0.0000 0.04230 9.0000 12.28 0.9508 0.9512 1.0000 -0.0398 -0.0202 0.0133 -0.0421 0.9360 0.0223 -0.0078 0.0198 0.0350 -0.6252 0.6874 -0.0022 0.0050 -0.6745 -0.6467 1.376568 
897.8156 43.742 132.813 -0.65287 0.70473 0.936 0.0000 0.04222 9.0000 12.51 0.9494 0.9497 1.0000 -0.0393 -0.0202 0.0119 -0.0424 0.9349 0.0241 -0.0073 0.0182 0.0338 -0.6201 0.6866 -0.0027 0.0040 -0.6769 -0.6432 1.380954 
895.3613 43.713 132.760 -0.65195 0.70503 0.933 0.0000 0.04318 9.0000 13.02 0.9498 0.9502 1.0000 -0.0404 -0.0204 0.0120 -0.0432 0.9361 0.0253 -0.0064 0.0180 0.0327 -0.6186 0.6860 -0.0033 0.0018 -0.6791 -0.6437 1.384739 
892.9051 43.655 132.689 -0.65212 0.70697 0.958 0.0000 0.04517 9.0000 13.02 0.9501 0.9504 1.0000 -0.0420 -0.0196 0.0122 -0.0454 0.9351 0.0274 -0.0043 0.0178 0.0320 -0.6183 0.6868 -0.0021 0.0020 -0.6813 -0.6436 1.388548 
890.0368 43.578 132.585 -0.65115 0.70850 0.943 0.0000 0.04779 9.0000 13.80 0.9500 0.9503 1.0000 -0.0441 -0.0207 0.0135 -0.0484 0.9343 0.0292 -0.0026 0.0176 0.0306 -0.6167 0.6874 -0.0015 0.0014 -0.6830 -0.6429 1.393023 
887.5759 43.539 132.459 -0.65007 0.71045 0.946 0.0000 0.04915 9.0000 13.60 0.9494 0.9498 1.0000 -0.0443 -0.0210 0.0143 -0.0507 0.9324 0.0314 -0.0003 0.0182 0.0316 -0.6152 0.6884 -0.0012 0.0017 -0.6845 -0.6410 1.396885 
885.1130 43.550 132.273 -0.64698 0.71170 0.940 0.0000 0.04873 9.0000 13.89 0.9495 0.9499 1.0000 -0.0434 -0.0207 0.0147 -0.0509 0.9337 0.0332 0.0019 0.0183 0.0329 -0.6133 0.6901 -0.0016 0.0015 -0.6861 -0.6378 1.400772 
882.2369 43.537 132.118 -0.64630 0.71482 0.953 0.0000 0.04924 9.0000 14.08 0.9511 0.9515 1.0000 -0.0437 -0.0207 0.0154 -0.0516 0.9351 0.0336 0.0027 0.0190 0.0343 -0.6131 0.6933 -0.0011 0.0017 -0.6900 -0.6376 1.405339 
879.7693 43.511 132.110 -0.64661 0.71535 0.937 0.0000 0.05017 9.0000 14.66 0.9525 0.9530 1.0000 -0.0450 -0.0210 0.0157 -0.0522 0.9375 0.0339 0.0025 0.0190 0.0336 -0.6148 0.6949 -0.0007 0.0010 -0.6911 -0.6381 1.409281 
877.2994 43.498 131.967 -0.64599 0.71827 0.941 0.0000 0.05070 9.0000 15.18 0.9541 0.9545 1.0000 -0.0460 -0.0204 0.0151 -0.0523 0.9390 0.0332 0.0007 0.0183 0.0326 -0.6155 0.6991 -0.0007 0.0011 -0.6936 -0.6370 1.413248 
874.4153 43.481 131.834 -0.64336 0.71871 0.935 0.0000 0.05120 9.0000 15.13 0.9528 0.9533 1.0000 -0.0460 -0.0217 0.0165 -0.0533 0.9378 0.0335 -0.0004 0.0183 0.0319 -0.6132 0.7005 -0.0015 -0.0012 -0.6922 -0.6335 1.417910 
871.9407 43.496 131.742 -0.64106 0.71845 0.944 0.0000 0.05058 9.0000 15.95 0.9526 0.9530 1.0000 -0.0457 -0.0217 0.0175 -0.0524 0.9390 0.0339 -0.0012 0.0180 0.0307 -0.6120 0.7013 -0.0028 -0.0033 -0.6918 -0.6311 1.421934 
869.4639 43.515 131.553 -0.63903 0.72093 0.953 0.0000 0.04997 9.0000 16.27 0.9537 0.9541 1.0000 -0.0450 -0.0205 0.0175 -0.0520 0.9408 0.0334 -0.0012 0.0177 0.0305 -0.6113 0.7048 -0.0030 -0.0020 -0.6943 -0.6289 1.425984 
866.5714 43.503 131.541 -0.63835 0.72048 0.947 0.0000 0.05035 9.0000 16.08 0.9535 0.9539 1.0000 -0.0460 -0.0199 0.0180 -0.0518 0.9412 0.0349 -0.0030 0.0173 0.0292 -0.6113 0.7050 -0.0033 -0.0035 -0.6936 -0.6278 1.430744 
864.0897 43.535 131.420 -0.63652 0.72148 0.957 0.0000 0.04923 9.0000 16.57 0.9545 0.9549 1.0000 -0.0456 -0.0185 0.0180 -0.0501 0.9438 0.0350 -0.0037 0.0164 0.0278 -0.6103 0.7060 -0.0035 -0.0046 -0.6964 -0.6270 1.434853 
861.6057 43.559 131.350 -0.63595 0.72263 0.949 0.0000 0.04846 9.0000 16.86 0.9552 0.9556 1.0000 -0.0446 -0.0183 0.0181 -0.0496 0.9448 0.0342 -0.0041 0.0168 0.0285 -0.6106 0.7079 -0.0025 -0.0030 -0.6975 -0.6262 1.438990 
858.7048 43.587 131.236 -0.63304 0.72221 0.957 0.0000 0.04741 9.0000 17.40 0.9543 0.9547 1.0000 -0.0435 -0.0188 0.0199 -0.0487 0.9451 0.0357 -0.0030 0.0171 0.0282 -0.6073 0.7072 -0.0007 -0.0005 -0.6976 -0.6240 1.443851 
856.2158 43.593 131.089 -0.63112 0.72375 0.956 0.0000 0.04719 9.0000 18.04 0.9532 0.9537 1.0000 -0.0430 -0.0185 0.0196 -0.0487 0.9431 0.0378 -0.0017 0.0171 0.0282 -0.6044 0.7078 0.0009 0.0026 -0.6985 -0.6219 1.448048 
853.7244 43.622 130.965 -0.62897 0.72444 0.968 0.0000 0.04619 9.0000 18.28 0.9530 0.9534 1.0000 -0.0423 -0.0175 0.0196 -0.0475 0.9435 0.0386 -0.0002 0.0170 0.0290 -0.6023 0.7078 0.0017 0.0044 -0.7001 -0.6201 1.452274 
850.8148 43.633 130.944 -0.62852 0.72445 0.948 0.0000 0.04579 9.0000 18.50 0.9526 0.9531 1.0000 -0.0418 -0.0180 0.0186 -0.0471 0.9431 0.0390 -0.0004 0.0173 0.0296 -0.6028 0.7077 0.0019 0.0048 -0.7000 -0.6184 1.457241 
848.3182 43.619 130.839 -0.62715 0.72557 0.959 0.0000 0.04628 9.0000 18.80 0.9520 0.9525 1.0000 -0.0423 -0.0188 0.0175 -0.0476 0.9419 0.0390 -0.0003 0.0176 0.0294 -0.6014 0.7079 0.0030 0.0061 -0.7010 -0.6165 1.461529 
845.8193 43.642 130.738 -0.62583 0.72661 0.957 0.0000 0.04548 9.0000 19.32 0.9517 0.9522 1.0000 -0.0402 -0.0191 0.0158 -0.0481 0.9414 0.0405 -0.0007 0.0181 0.0301 -0.6011 0.7093 0.0035 0.0071 -0.7013 -0.6139 1.465847 
842.9009 43.636 130.583 -0.62259 0.72683 0.963 0.0000 0.04561 9.0000 19.87 0.9506 0.9511 1.0000 -0.0396 -0.0202 0.0151 -0.0489 0.9409 0.0419 -0.0011 0.0187 0.0302 -0.5987 0.7094 0.0037 0.0060 -0.7012 -0.6097 1.470923 
840.3967 43.604 130.531 -0.62180 0.72725 0.951 0.0000 0.04668 9.0000 20.50 0.9500 0.9506 1.0000 -0.0397 -0.0208 0.0148 -0.0508 0.9399 0.0443 -0.0010 0.0183 0.0303 -0.5984 0.7097 0.0031 0.0047 -0.7011 -0.6078 1.475305 
837.8901 43.579 130.409 -0.62080 0.72920 0.958 0.0000 0.04756 9.0000 20.70 0.9512 0.9517 1.0000 -0.0405 -0.0210 0.0141 -0.0518 0.9414 0.0442 -0.0017 0.0179 0.0303 -0.5986 0.7122 0.0029 0.0039 -0.7034 -0.6066 1.479719 
834.9625 43.510 130.249 -0.61997 0.73236 0.955 0.0000 0.04997 9.0000 21.67 0.9523 0.9528 1.0000 -0.0421 -0.0219 0.0138 -0.0549 0.9417 0.0451 -0.0012 0.0180 0.0306 -0.5991 0.7155 0.0030 0.0029 -0.7065 -0.6048 1.484907 
832.4505 43.496 130.034 -0.61759 0.73513 0.947 0.0000 0.05044 9.0000 21.48 0.9534 0.9539 1.0000 -0.0429 -0.0225 0.0135 -0.0551 0.9434 0.0435 -0.0004 0.0173 0.0303 -0.5978 0.7183 0.0027 0.0019 -0.7103 -0.6025 1.489388 
829.9360 43.466 129.910 -0.61619 0.73668 0.943 0.0000 0.05147 9.0000 22.32 0.9545 0.9550 1.0000 -0.0439 -0.0230 0.0140 -0.0562 0.9453 0.0435 0.0000 0.0168 0.0300 -0.5978 0.7202 0.0024 0.0007 -0.7129 -0.6009 1.493901 
826.9992 43.394 129.698 -0.61389 0.73949 0.947 0.0000 0.05395 9.0000 22.86 0.9548 0.9553 1.0000 -0.0468 -0.0235 0.0154 -0.0581 0.9452 0.0442 0.0007 0.0165 0.0282 -0.5953 0.7229 0.0034 0.0017 -0.7155 -0.5989 1.499206 
824.4792 43.344 129.517 -0.61202 0.74198 0.945 0.0000 0.05567 9.0000 22.90 0.9551 0.9556 1.0000 -0.0490 -0.0227 0.0162 -0.0593 0.9451 0.0449 0.0018 0.0154 0.0268 -0.5934 0.7254 0.0039 0.0025 -0.7178 -0.5970 1.503788 
821.9566 43.316 129.286 -0.61010 0.74576 0.933 0.0000 0.05672 9.0000 24.00 0.9565 0.9570 1.0000 -0.0502 -0.0221 0.0165 -0.0602 0.9461 0.0440 0.0019 0.0152 0.0271 -0.5915 0.7298 0.0043 0.0033 -0.7215 -0.5958 1.508403 
819.0103 43.313 129.082 -0.60808 0.74873 0.940 0.0000 0.05685 9.0000 24.90 0.9577 0.9582 1.0000 -0.0508 -0.0213 0.0171 -0.0600 0.9476 0.0429 0.0022 0.0151 0.0273 -0.5901 0.7338 0.0037 0.0032 -0.7244 -0.5942 1.513829 
816.4821 43.311 128.888 -0.60591 0.75123 0.931 0.0000 0.05696 9.0000 25.12 0.9584 0.9589 1.0000 -0.0514 -0.0209 0.0173 -0.0595 0.9486 0.0426 0.0018 0.0151 0.0268 -0.5879 0.7372 0.0043 0.0051 -0.7266 -0.5928 1.518517 
813.9513 43.342 128.746 -0.60433 0.75309 0.937 0.0000 0.05595 9.0000 25.63 0.9591 0.9596 1.0000 -0.0504 -0.0195 0.0174 -0.0586 0.9495 0.0431 0.0022 0.0159 0.0282 -0.5865 0.7395 0.0050 0.0072 -0.7286 -0.5916 1.523238 
810.9953 43.369 128.570 -0.60165 0.75448 0.926 0.0000 0.05499 9.0000 26.41 0.9590 0.9595 1.0000 -0.0501 -0.0194 0.0172 -0.0571 0.9499 0.0421 0.0010 0.0164 0.0286 -0.5836 0.7414 0.0057 0.0088 -0.7298 -0.5895 1.528790 
808.4587 43.386 128.519 -0.60075 0.75473 0.917 0.0000 0.05442 9.0000 26.39 0.9585 0.9589 1.0000 -0.0499 -0.0190 0.0170 -0.0561 0.9493 0.0420 0.0004 0.0160 0.0279 -0.5824 0.7415 0.0051 0.0082 -0.7297 -0.5886 1.533587 
805.4960 43.425 128.358 -0.59847 0.75624 0.914 0.0000 0.05308 9.0000 28.23 0.9586 0.9591 1.0000 -0.0487 -0.0189 0.0162 -0.0548 0.9499 0.0413 -0.0004 0.0157 0.0287 -0.5807 0.7429 0.0046 0.0086 -0.7317 -0.5862 1.539228 
802.9537 43.452 128.213 -0.59659 0.75777 0.907 0.0000 0.05215 9.0000 28.00 0.9585 0.9590 1.0000 -0.0474 -0.0191 0.0153 -0.0542 0.9497 0.0410 -0.0002 0.0161 0.0289 -0.5788 0.7443 0.0052 0.0106 -0.7331 -0.5844 1.544101 
800.4086 43.501 128.146 -0.59480 0.75731 0.903 0.0000 0.05043 9.0000 28.24 0.9579 0.9583 1.0000 -0.0456 -0.0195 0.0140 -0.0527 0.9499 0.0399 0.0000 0.0159 0.0279 -0.5777 0.7434 0.0047 0.0112 -0.7332 -0.5821 1.549011 
797.4359 43.516 128.105 -0.59389 0.75727 0.891 0.0000 0.04991 9.0000 29.49 0.9580 0.9584 1.0000 -0.0455 -0.0202 0.0131 -0.0519 0.9508 0.0375 -0.0012 0.0149 0.0262 -0.5772 0.7436 0.0040 0.0106 -0.7337 -0.5813 1.554786 
794.8848 43.496 127.986 -0.59203 0.75814 0.896 0.0000 0.05055 9.0000 29.60 0.9568 0.9572 1.0000 -0.0459 -0.0213 0.0117 -0.0527 0.9488 0.0367 -0.0020 0.0149 0.0249 -0.5750 0.7434 0.0048 0.0127 -0.7340 -0.5787 1.559776 
792.3311 43.491 127.841 -0.59010 0.75964 0.887 0.0000 0.05072 9.0000 29.65 0.9566 0.9569 1.0000 -0.0458 -0.0215 0.0107 -0.0530 0.9482 0.0350 -0.0026 0.0145 0.0240 -0.5734 0.7443 0.0045 0.0126 -0.7356 -0.5763 1.564803 
789.3481 43.475 127.595 -0.58772 0.76332 0.889 0.0000 0.05134 9.0000 31.15 0.9577 0.9581 1.0000 -0.0457 -0.0218 0.0097 -0.0544 0.9492 0.0324 -0.0032 0.0138 0.0236 -0.5715 0.7483 0.0043 0.0127 -0.7396 -0.5741 1.570716 
786.7883 43.436 127.394 -0.58575 0.76629 0.885 0.0000 0.05271 9.0000 31.16 0.9584 0.9587 1.0000 -0.0468 -0.0221 0.0090 -0.0559 0.9493 0.0306 -0.0043 0.0133 0.0226 -0.5702 0.7513 0.0043 0.0120 -0.7425 -0.5716 1.575826 
784.2256 43.396 127.196 -0.58371 0.76911 0.882 0.0000 0.05411 9.0000 32.00 0.9594 0.9597 1.0000 -0.0482 -0.0224 0.0087 -0.0573 0.9504 0.0292 -0.0054 0.0127 0.0220 -0.5688 0.7553 0.0044 0.0114 -0.7448 -0.5697 1.580976 
781.2322 43.361 126.934 -0.58012 0.77169 0.875 0.0000 0.05530 9.0000 32.78 0.9602 0.9605 1.0000 -0.0496 -0.0223 0.0093 -0.0584 0.9521 0.0274 -0.0065 0.0129 0.0226 -0.5659 0.7593 0.0043 0.0098 -0.7471 -0.5666 1.587034 
778.6634 43.316 126.713 -0.57828 0.77545 0.869 0.0000 0.05694 9.0000 32.99 0.9619 0.9622 1.0000 -0.0518 -0.0218 0.0098 -0.0595 0.9535 0.0248 -0.0079 0.0126 0.0226 -0.5650 0.7645 0.0034 0.0077 -0.7503 -0.5647 1.592269 
776.0917 43.280 126.448 -0.57495 0.77847 0.871 0.0000 0.05818 9.0000 33.87 0.9628 0.9631 1.0000 -0.0531 -0.0210 0.0108 -0.0606 0.9550 0.0243 -0.0089 0.0129 0.0247 -0.5627 0.7684 0.0027 0.0058 -0.7535 -0.5613 1.597546 
773.0877 43.274 126.120 -0.57045 0.78171 0.857 0.0000 0.05839 9.0000 34.55 0.9638 0.9641 1.0000 -0.0534 -0.0201 0.0114 -0.0608 0.9569 0.0229 -0.0106 0.0139 0.0276 -0.5594 0.7730 0.0021 0.0044 -0.7568 -0.5569 1.603753 
770.5097 43.281 125.958 -0.56863 0.78385 0.855 0.0000 0.05817 9.0000 34.89 0.9651 0.9654 1.0000 -0.0538 -0.0192 0.0119 -0.0602 0.9591 0.0207 -0.0113 0.0144 0.0292 -0.5584 0.7761 0.0011 0.0023 -0.7595 -0.5556 1.609119 
767.9287 43.296 125.783 -0.56554 0.78464 0.848 0.0000 0.05759 9.0000 36.88 0.9655 0.9658 1.0000 -0.0538 -0.0187 0.0123 -0.0591 0.9610 0.0201 -0.0123 0.0150 0.0306 -0.5561 0.7779 0.0006 0.0011 -0.7608 -0.5529 1.614527 
764.9139 43.327 125.579 -0.56332 0.78745 0.836 0.0000 0.05661 9.0000 36.74 0.9668 0.9671 1.0000 -0.0533 -0.0185 0.0117 -0.0578 0.9627 0.0178 -0.0129 0.0159 0.0337 -0.5544 0.7813 0.0005 0.0018 -0.7642 -0.5512 1.620891 
762.3265 43.356 125.417 -0.56045 0.78812 0.831 0.0000 0.05556 9.0000 37.21 0.9659 0.9662 1.0000 -0.0521 -0.0190 0.0111 -0.0569 0.9621 0.0189 -0.0119 0.0169 0.0356 -0.5516 0.7811 0.0004 0.0023 -0.7652 -0.5480 1.626392 
759.7362 43.380 125.274 -0.55786 0.78866 0.832 0.0000 0.05469 9.0000 38.71 0.9651 0.9655 1.0000 -0.0512 -0.0200 0.0104 -0.0560 0.9616 0.0196 -0.0110 0.0174 0.0364 -0.5487 0.7807 0.0005 0.0033 -0.7663 -0.5456 1.631937 
756.7104 43.401 125.140 -0.55629 0.79036 0.830 0.0000 0.05401 9.0000 39.43 0.9655 0.9658 1.0000 -0.0503 -0.0211 0.0086 -0.0556 0.9619 0.0195 -0.0097 0.0174 0.0367 -0.5469 0.7822 0.0009 0.0047 -0.7685 -0.5444 1.638463 
754.1135 43.397 125.043 -0.55517 0.79159 0.834 0.0000 0.05416 9.0000 40.34 0.9653 0.9656 1.0000 -0.0503 -0.0225 0.0074 -0.0559 0.9611 0.0199 -0.0085 0.0178 0.0362 -0.5454 0.7826 0.0011 0.0054 -0.7698 -0.5433 1.644105 
751.5136 43.395 124.902 -0.55353 0.79342 0.828 0.0000 0.05426 9.0000 41.20 0.9655 0.9658 1.0000 -0.0501 -0.0233 0.0064 -0.0563 0.9609 0.0208 -0.0067 0.0176 0.0355 -0.5436 0.7841 0.0016 0.0069 -0.7717 -0.5418 1.649793 
748.4765 43.385 124.742 -0.55117 0.79474 0.829 0.0000 0.05456 9.0000 42.18 0.9654 0.9658 1.0000 -0.0501 -0.0242 0.0056 -0.0569 0.9611 0.0211 -0.0059 0.0173 0.0344 -0.5411 0.7854 0.0014 0.0059 -0.7731 -0.5398 1.656487 
745.8699 43.352 124.589 -0.54985 0.79738 0.825 0.0000 0.05579 9.0000 42.76 0.9665 0.9668 1.0000 -0.0514 -0.0241 0.0050 -0.0580 0.9617 0.0197 -0.0059 0.0167 0.0334 -0.5403 0.7884 0.0010 0.0047 -0.7759 -0.5384 1.662276 
743.2603 43.329 124.343 -0.54707 0.80067 0.819 0.0000 0.05664 9.0000 44.78 0.9675 0.9678 1.0000 -0.0522 -0.0242 0.0050 -0.0590 0.9626 0.0186 -0.0054 0.0163 0.0337 -0.5381 0.7921 0.0013 0.0048 -0.7793 -0.5356 1.668113 
740.2117 43.295 124.091 -0.54401 0.80377 0.821 0.0000 0.05782 9.0000 43.75 0.9685 0.9688 1.0000 -0.0534 -0.0237 0.0055 -0.0602 0.9638 0.0166 -0.0061 0.0159 0.0331 -0.5359 0.7963 0.0009 0.0029 -0.7821 -0.5324 1.674983 
737.5953 43.266 123.898 -0.54119 0.80545 0.806 0.0000 0.05881 9.0000 45.92 0.9694 0.9697 1.0000 -0.0548 -0.0228 0.0067 -0.0609 0.9658 0.0149 -0.0073 0.0150 0.0324 -0.5341 0.7993 0.0003 0.0002 -0.7841 -0.5298 1.680924 
734.9758 43.237 123.653 -0.53785 0.80791 0.804 0.0000 0.05981 9.0000 46.22 0.9704 0.9706 1.0000 -0.0563 -0.0216 0.0078 -0.0614 0.9675 0.0140 -0.0082 0.0152 0.0329 -0.5315 0.8030 0.0006 -0.0003 -0.7866 -0.5267 1.686915 
731.9156 43.241 123.368 -0.53354 0.81014 0.796 0.0000 0.05963 9.0000 47.09 0.9711 0.9714 1.0000 -0.0563 -0.0205 0.0085 -0.0611 0.9696 0.0125 -0.0094 0.0157 0.0350 -0.5286 0.8065 0.0013 0.0004 -0.7892 -0.5223 1.693968 
729.2891 43.238 123.175 -0.53056 0.81157 0.792 0.0000 0.05970 9.0000 47.74 0.9713 0.9716 1.0000 -0.0568 -0.0196 0.0089 -0.0608 0.9704 0.0116 -0.0101 0.0155 0.0356 -0.5263 0.8082 0.0011 -0.0004 -0.7908 -0.5191 1.700069 
726.6595 43.246 122.984 -0.52827 0.81397 0.789 0.0000 0.05950 9.0000 48.35 0.9725 0.9728 1.0000 -0.0570 -0.0188 0.0089 -0.0603 0.9721 0.0107 -0.0101 0.0155 0.0368 -0.5245 0.8114 0.0020 0.0015 -0.7938 -0.5173 1.706221 
723.5875 43.265 122.789 -0.52601 0.81657 0.790 0.0000 0.05889 9.0000 49.55 0.9735 0.9738 1.0000 -0.0564 -0.0185 0.0078 -0.0598 0.9733 0.0097 -0.0100 0.0158 0.0380 -0.5225 0.8145 0.0030 0.0038 -0.7968 -0.5155 1.713465 
720.9507 43.273 122.687 -0.52436 0.81717 0.785 0.0000 0.05862 9.0000 50.93 0.9735 0.9738 1.0000 -0.0563 -0.0189 0.0072 -0.0594 0.9736 0.0104 -0.0094 0.0159 0.0380 -0.5208 0.8150 0.0033 0.0045 -0.7978 -0.5141 1.719732 
718.3109 43.278 122.545 -0.52230 0.81843 0.780 0.0000 0.05842 9.0000 51.76 0.9732 0.9735 1.0000 -0.0557 -0.0194 0.0061 -0.0596 0.9731 0.0120 -0.0080 0.0161 0.0383 -0.5184 0.8158 0.0038 0.0064 -0.7991 -0.5122 1.726052 
715.2268 43.292 122.370 -0.51968 0.81984 0.783 0.0000 0.05795 9.0000 51.82 0.9729 0.9732 1.0000 -0.0548 -0.0204 0.0046 -0.0595 0.9727 0.0136 -0.0063 0.0161 0.0381 -0.5155 0.8167 0.0044 0.0079 -0.8005 -0.5096 1.733495 
712.5797 43.280 122.242 -0.51810 0.82140 0.781 0.0000 0.05837 9.0000 52.10 0.9728 0.9731 1.0000 -0.0550 -0.0210 0.0036 -0.0601 0.9720 0.0140 -0.0044 0.0156 0.0367 -0.5133 0.8181 0.0046 0.0084 -0.8017 -0.5084 1.739934 
709.9294 43.272 122.060 -0.51633 0.82440 0.774 0.0000 0.05875 9.0000 53.06 0.9741 0.9744 1.0000 -0.0554 -0.0214 0.0025 -0.0605 0.9729 0.0136 -0.0026 0.0151 0.0358 -0.5117 0.8220 0.0048 0.0096 -0.8045 -0.5070 1.746430 
706.8331 43.253 121.830 -0.51355 0.82730 0.769 0.0000 0.05947 9.0000 52.11 0.9749 0.9752 1.0000 -0.0562 -0.0218 0.0022 -0.0612 0.9737 0.0134 -0.0012 0.0145 0.0345 -0.5090 0.8256 0.0049 0.0096 -0.8072 -0.5045 1.754080 
704.1754 43.232 121.638 -0.51049 0.82858 0.766 0.0000 0.06012 9.0000 53.69 0.9752 0.9755 1.0000 -0.0570 -0.0215 0.0029 -0.0617 0.9747 0.0139 -0.0005 0.0140 0.0332 -0.5064 0.8276 0.0049 0.0087 -0.8086 -0.5017 1.760700 
701.5145 43.220 121.414 -0.50687 0.82992 0.764 0.0000 0.06050 9.0000 54.39 0.9756 0.9758 1.0000 -0.0575 -0.0211 0.0040 -0.0621 0.9762 0.0142 0.0001 0.0137 0.0329 -0.5031 0.8300 0.0049 0.0074 -0.8101 -0.4985 1.767379 
698.4057 43.217 121.151 -0.50300 0.83216 0.758 0.0000 0.06060 9.0000 54.92 0.9768 0.9771 1.0000 -0.0581 -0.0200 0.0049 -0.0618 0.9789 0.0131 -0.0008 0.0135 0.0328 -0.5002 0.8341 0.0049 0.0068 -0.8126 -0.4951 1.775246 
695.7374 43.224 120.939 -0.49971 0.83367 0.757 0.0000 0.06034 9.0000 55.96 0.9776 0.9778 1.0000 -0.0584 -0.0190 0.0056 -0.0611 0.9808 0.0121 -0.0019 0.0131 0.0331 -0.4979 0.8364 0.0047 0.0056 -0.8149 -0.4919 1.782054 
693.0656 43.235 120.759 -0.49707 0.83521 0.751 0.0000 0.05996 9.0000 54.60 0.9785 0.9787 1.0000 -0.0585 -0.0180 0.0061 -0.0604 0.9828 0.0109 -0.0032 0.0128 0.0336 -0.4960 0.8387 0.0046 0.0045 -0.8173 -0.4896 1.788924 
689.9442 43.259 120.521 -0.49339 0.83690 0.752 0.0000 0.05910 9.0000 55.18 0.9794 0.9797 1.0000 -0.0577 -0.0171 0.0058 -0.0596 0.9851 0.0096 -0.0049 0.0129 0.0348 -0.4932 0.8415 0.0048 0.0049 -0.8198 -0.4862 1.797018 
687.2649 43.267 120.361 -0.49027 0.83697 0.747 0.0000 0.05875 9.0000 56.06 0.9789 0.9792 1.0000 -0.0572 -0.0170 0.0059 -0.0595 0.9856 0.0098 -0.0060 0.0129 0.0352 -0.4904 0.8417 0.0046 0.0042 -0.8202 -0.4830 1.804023 
684.5822 43.274 120.186 -0.48779 0.83859 0.742 0.0000 0.05851 9.0000 56.67 0.9789 0.9791 1.0000 -0.0565 -0.0162 0.0052 -0.0596 0.9854 0.0099 -0.0069 0.0128 0.0355 -0.4880 0.8428 0.0046 0.0049 -0.8221 -0.4804 1.811093 
681.4479 43.283 119.978 -0.48459 0.84007 0.743 0.0000 0.05821 9.0000 56.67 0.9787 0.9789 1.0000 -0.0555 -0.0160 0.0041 -0.0600 0.9852 0.0103 -0.0074 0.0127 0.0356 -0.4849 0.8441 0.0050 0.0066 -0.8236 -0.4771 1.819423 
678.7576 43.267 119.804 -0.48243 0.84222 0.742 0.0000 0.05877 9.0000 56.74 0.9788 0.9791 1.0000 -0.0558 -0.0154 0.0032 -0.0608 0.9848 0.0098 -0.0080 0.0124 0.0350 -0.4826 0.8463 0.0051 0.0076 -0.8253 -0.4749 1.826634 
676.0637 43.243 119.607 -0.48028 0.84523 0.743 0.0000 0.05970 9.0000 57.01 0.9798 0.9800 1.0000 -0.0566 -0.0146 0.0022 -0.0619 0.9851 0.0093 -0.0082 0.0119 0.0340 -0.4804 0.8498 0.0052 0.0092 -0.8281 -0.4730 1.833913 
672.9164 43.214 119.345 -0.47702 0.84846 0.734 0.0000 0.06077 9.0000 59.01 0.9804 0.9806 1.0000 -0.0575 -0.0138 0.0017 -0.0631 0.9851 0.0088 -0.0083 0.0115 0.0333 -0.4774 0.8534 0.0053 0.0105 -0.8309 -0.4696 1.842490 
670.2148 43.178 119.105 -0.47330 0.85018 0.728 0.0000 0.06197 9.0000 58.29 0.9802 0.9804 1.0000 -0.0587 -0.0132 0.0024 -0.0643 0.9850 0.0098 -0.0081 0.0111 0.0321 -0.4737 0.8555 0.0056 0.0111 -0.8321 -0.4658 1.849917 
667.0584 43.159 118.814 -0.46898 0.85260 0.721 0.0000 0.06261 9.0000 57.52 0.9810 0.9813 1.0000 -0.0596 -0.0122 0.0028 -0.0648 0.9866 0.0096 -0.0083 0.0107 0.0317 -0.4700 0.8593 0.0058 0.0117 -0.8344 -0.4617 1.858671 
664.3491 43.150 118.580 -0.46545 0.85442 0.723 0.0000 0.06291 9.0000 57.65 0.9818 0.9820 1.0000 -0.0604 -0.0115 0.0031 -0.0646 0.9882 0.0092 -0.0092 0.0104 0.0316 -0.4672 0.8622 0.0058 0.0118 -0.8365 -0.4582 1.866251 
661.6360 43.147 118.344 -0.46157 0.85567 0.724 0.0000 0.06296 9.0000 58.14 0.9820 0.9822 1.0000 -0.0610 -0.0111 0.0035 -0.0642 0.9893 0.0092 -0.0098 0.0103 0.0319 -0.4638 0.8640 0.0061 0.0121 -0.8381 -0.4544 1.873903 
658.4662 43.154 118.100 -0.45738 0.85660 0.725 0.0000 0.06267 9.0000 57.14 0.9822 0.9824 1.0000 -0.0609 -0.0108 0.0034 -0.0639 0.9908 0.0091 -0.0103 0.0102 0.0319 -0.4604 0.8658 0.0059 0.0115 -0.8396 -0.4502 1.882924 
655.7453 43.168 117.895 -0.45413 0.85789 0.718 0.0000 0.06214 9.0000 56.36 0.9827 0.9829 1.0000 -0.0604 -0.0107 0.0030 -0.0634 0.9923 0.0088 -0.0104 0.0103 0.0324 -0.4576 0.8675 0.0061 0.0120 -0.8416 -0.4472 1.890737 
653.0207 43.167 117.701 -0.45105 0.85907 0.716 0.0000 0.06216 9.0000 57.51 0.9826 0.9828 1.0000 -0.0601 -0.0109 0.0025 -0.0638 0.9924 0.0091 -0.0100 0.0102 0.0322 -0.4547 0.8687 0.0062 0.0121 -0.8430 -0.4440 1.898626 
649.8373 43.161 117.477 -0.44770 0.86085 0.712 0.0000 0.06238 9.0000 55.54 0.9825 0.9827 1.0000 -0.0599 -0.0108 0.0019 -0.0644 0.9923 0.0092 -0.0094 0.0101 0.0319 -0.4514 0.8700 0.0063 0.0125 -0.8451 -0.4405 1.907927 
647.1047 43.147 117.267 -0.44493 0.86324 0.702 0.0000 0.06291 9.0000 56.22 0.9829 0.9831 1.0000 -0.0600 -0.0107 0.0010 -0.0653 0.9923 0.0090 -0.0086 0.0098 0.0316 -0.4487 0.8723 0.0067 0.0133 -0.8475 -0.4377 1.915984 
644.3683 43.118 117.048 -0.44194 0.86558 0.700 0.0000 0.06395 9.0000 54.92 0.9831 0.9833 1.0000 -0.0610 -0.0105 0.0007 -0.0664 0.9918 0.0088 -0.0079 0.0095 0.0308 -0.4458 0.8746 0.0070 0.0137 -0.8495 -0.4345 1.924120 
641.1711 43.078 116.791 -0.43845 0.86834 0.692 0.0000 0.06536 9.0000 55.48 0.9833 0.9835 1.0000 -0.0626 -0.0101 0.0004 -0.0676 0.9913 0.0088 -0.0074 0.0091 0.0300 -0.4422 0.8772 0.0073 0.0140 -0.8520 -0.4309 1.933715 
638.4266 43.055 116.547 -0.43501 0.87070 0.691 0.0000 0.06618 9.0000 55.98 0.9838 0.9839 1.0000 -0.0638 -0.0098 0.0004 -0.0680 0.9916 0.0084 -0.0071 0.0090 0.0298 -0.4390 0.8797 0.0077 0.0146 -0.8544 -0.4273 1.942027 
635.6782 43.033 116.306 -0.43157 0.87298 0.689 0.0000 0.06698 9.0000 56.44 0.9839 0.9841 1.0000 -0.0652 -0.0093 0.0005 -0.0682 0.9914 0.0086 -0.0072 0.0088 0.0295 -0.4358 0.8821 0.0080 0.0147 -0.8563 -0.4237 1.950424 
632.4670 43.027 116.037 -0.42757 0.87523 0.690 0.0000 0.06721 9.0000 56.33 0.9844 0.9845 1.0000 -0.0658 -0.0089 0.0003 -0.0681 0.9920 0.0085 -0.0072 0.0086 0.0297 -0.4318 0.8846 0.0084 0.0152 -0.8588 -0.4199 1.960327 
629.7104 43.030 115.827 -0.42437 0.87680 0.686 0.0000 0.06707 9.0000 54.76 0.9844 0.9846 1.0000 -0.0659 -0.0088 -0.0002 -0.0677 0.9921 0.0082 -0.0073 0.0084 0.0299 -0.4289 0.8862 0.0085 0.0150 -0.8606 -0.4165 1.968908 
626.9500 43.040 115.617 -0.42108 0.87820 0.683 0.0000 0.06675 9.0000 55.09 0.9846 0.9848 1.0000 -0.0658 -0.0087 -0.0008 -0.0672 0.9927 0.0083 -0.0076 0.0083 0.0298 -0.4257 0.8877 0.0086 0.0150 -0.8623 -0.4135 1.977577 
623.7246 43.049 115.365 -0.41719 0.87998 0.683 0.0000 0.06642 9.0000 55.21 0.9848 0.9850 1.0000 -0.0652 -0.0089 -0.0019 -0.0672 0.9931 0.0083 -0.0070 0.0081 0.0294 -0.4219 0.8897 0.0086 0.0150 -0.8642 -0.4096 1.987803 
620.9557 43.052 115.157 -0.41420 0.88195 0.684 0.0000 0.06637 9.0000 54.52 0.9850 0.9852 1.0000 -0.0649 -0.0090 -0.0026 -0.0674 0.9931 0.0082 -0.0064 0.0080 0.0291 -0.4186 0.8914 0.0088 0.0154 -0.8663 -0.4069 1.996667 
618.1830 43.042 114.928 -0.41076 0.88377 0.682 0.0000 0.06670 9.0000 53.53 0.9851 0.9852 1.0000 -0.0649 -0.0090 -0.0033 -0.0680 0.9930 0.0082 -0.0058 0.0077 0.0284 -0.4152 0.8933 0.0090 0.0156 -0.8680 -0.4035 2.005623 
614.9432 43.025 114.636 -0.40648 0.88637 0.678 0.0000 0.06734 9.0000 54.04 0.9854 0.9856 1.0000 -0.0656 -0.0087 -0.0038 -0.0686 0.9930 0.0079 -0.0054 0.0076 0.0276 -0.4109 0.8959 0.0093 0.0163 -0.8706 -0.3992 2.016189 
612.1619 43.006 114.379 -0.40255 0.88828 0.673 0.0000 0.06800 9.0000 53.67 0.9854 0.9856 1.0000 -0.0664 -0.0084 -0.0038 -0.0691 0.9930 0.0079 -0.0052 0.0071 0.0271 -0.4072 0.8977 0.0096 0.0163 -0.8726 -0.3951 2.025350 
609.3767 42.984 114.127 -0.39882 0.89045 0.670 0.0000 0.06879 9.0000 54.04 0.9858 0.9860 1.0000 -0.0675 -0.0081 -0.0037 -0.0696 0.9932 0.0079 -0.0055 0.0070 0.0267 -0.4038 0.8999 0.0100 0.0169 -0.8749 -0.3912 2.034607 
606.1223 42.961 113.831 -0.39434 0.89277 0.669 0.0000 0.06957 9.0000 54.27 0.9862 0.9864 1.0000 -0.0686 -0.0077 -0.0037 -0.0701 0.9937 0.0079 -0.0056 0.0068 0.0266 -0.3996 0.9022 0.0102 0.0171 -0.8777 -0.3866 2.045531 
603.3284 42.952 113.584 -0.39065 0.89483 0.659 0.0000 0.06992 9.0000 54.58 0.9866 0.9868 1.0000 -0.0691 -0.0073 -0.0039 -0.0703 0.9941 0.0083 -0.0057 0.0067 0.0265 -0.3963 0.9039 0.0105 0.0176 -0.8804 -0.3827 2.055003 
600.5306 42.940 113.337 -0.38693 0.89684 0.661 0.0000 0.07035 9.0000 52.14 0.9870 0.9872 1.0000 -0.0695 -0.0069 -0.0041 -0.0708 0.9945 0.0088 -0.0055 0.0066 0.0263 -0.3928 0.9058 0.0107 0.0180 -0.8830 -0.3789 2.064577 
597.2613 42.931 113.055 -0.38265 0.89906 0.655 0.0000 0.07068 9.0000 51.84 0.9875 0.9877 1.0000 -0.0697 -0.0065 -0.0047 -0.0713 0.9951 0.0092 -0.0049 0.0063 0.0256 -0.3888 0.9079 0.0108 0.0186 -0.8858 -0.3747 2.075879 
594.4547 42.922 112.812 -0.37889 0.90082 0.658 0.0000 0.07102 9.0000 52.42 0.9879 0.9880 1.0000 -0.0699 -0.0062 -0.0051 -0.0719 0.9957 0.0095 -0.0043 0.0060 0.0249 -0.3852 0.9096 0.0109 0.0196 -0.8881 -0.3709 2.085679 
591.6440 42.903 112.564 -0.37514 0.90280 0.649 0.0000 0.07168 9.0000 50.26 0.9882 0.9884 1.0000 -0.0703 -0.0057 -0.0056 -0.0727 0.9959 0.0100 -0.0035 0.0058 0.0239 -0.3817 0.9114 0.0108 0.0207 -0.8905 -0.3671 2.095588 
588.3597 42.881 112.262 -0.37049 0.90504 0.652 0.0000 0.07246 9.0000 50.26 0.9889 0.9891 1.0000 -0.0709 -0.0054 -0.0058 -0.0737 0.9970 0.0103 -0.0019 0.0055 0.0231 -0.3773 0.9138 0.0108 0.0221 -0.8935 -0.3625 2.107286 
585.5402 42.861 111.996 -0.36648 0.90723 0.648 0.0000 0.07320 9.0000 50.73 0.9893 0.9894 1.0000 -0.0718 -0.0049 -0.0060 -0.0744 0.9972 0.0102 -0.0011 0.0053 0.0222 -0.3734 0.9157 0.0107 0.0231 -0.8962 -0.3585 2.117433 
582.7166 42.842 111.742 -0.36263 0.90934 0.649 0.0000 0.07389 9.0000 49.70 0.9899 0.9901 1.0000 -0.0727 -0.0046 -0.0061 -0.0750 0.9979 0.0098 -0.0001 0.0051 0.0216 -0.3697 0.9180 0.0107 0.0239 -0.8988 -0.3548 2.127693 
579.4171 42.819 111.431 -0.35795 0.91194 0.644 0.0000 0.07474 9.0000 49.14 0.9903 0.9905 1.0000 -0.0738 -0.0042 -0.0064 -0.0755 0.9979 0.0095 0.0005 0.0051 0.0209 -0.3651 0.9204 0.0105 0.0248 -0.9015 -0.3500 2.139809 
576.5844 42.805 111.175 -0.35399 0.91384 0.644 0.0000 0.07524 9.0000 49.91 0.9906 0.9908 1.0000 -0.0746 -0.0040 -0.0064 -0.0758 0.9982 0.0093 0.0012 0.0049 0.0204 -0.3613 0.9222 0.0103 0.0252 -0.9039 -0.3461 2.150322 
573.7476 42.793 110.921 -0.35011 0.91585 0.649 0.0000 0.07568 9.0000 48.04 0.9909 0.9910 1.0000 -0.0752 -0.0038 -0.0065 -0.0760 0.9982 0.0090 0.0015 0.0048 0.0202 -0.3575 0.9242 0.0101 0.0257 -0.9059 -0.3421 2.160953 
570.4327 42.786 110.613 -0.34534 0.91815 0.642 0.0000 0.07598 9.0000 47.66 0.9912 0.9914 1.0000 -0.0756 -0.0035 -0.0066 -0.0762 0.9984 0.0085 0.0022 0.0048 0.0202 -0.3527 0.9262 0.0098 0.0263 -0.9087 -0.3374 2.173511 
567.5867 42.781 110.361 -0.34145 0.92004 0.641 0.0000 0.07618 9.0000 46.64 0.9917 0.9919 1.0000 -0.0759 -0.0033 -0.0069 -0.0764 0.9990 0.0084 0.0027 0.0049 0.0205 -0.3490 0.9279 0.0096 0.0270 -0.9113 -0.3336 2.184410 
564.7366 42.772 110.095 -0.33726 0.92184 0.639 0.0000 0.07650 9.0000 47.03 0.9921 0.9922 1.0000 -0.0762 -0.0031 -0.0071 -0.0767 0.9994 0.0085 0.0030 0.0047 0.0206 -0.3450 0.9295 0.0094 0.0272 -0.9136 -0.3293 2.195434 
561.4060 42.765 109.780 -0.33218 0.92371 0.634 0.0000 0.07675 9.0000 46.52 0.9925 0.9927 1.0000 -0.0765 -0.0029 -0.0076 -0.0770 1.0002 0.0080 0.0032 0.0045 0.0208 -0.3403 0.9311 0.0091 0.0273 -0.9165 -0.3241 2.208459 
558.5466 42.755 109.501 -0.32771 0.92539 0.631 0.0000 0.07709 9.0000 45.24 0.9928 0.9930 1.0000 -0.0769 -0.0027 -0.0076 -0.0774 1.0009 0.0078 0.0034 0.0044 0.0207 -0.3360 0.9327 0.0089 0.0275 -0.9189 -0.3197 2.219765 
555.6830 42.745 109.221 -0.32328 0.92720 0.629 0.0000 0.07745 9.0000 43.93 0.9934 0.9936 1.0000 -0.0773 -0.0024 -0.0077 -0.0777 1.0018 0.0077 0.0034 0.0041 0.0208 -0.3320 0.9344 0.0087 0.0276 -0.9217 -0.3152 2.231204 
552.3365 42.739 108.870 -0.31746 0.92878 0.628 0.0000 0.07763 9.0000 42.65 0.9942 0.9944 1.0000 -0.0775 -0.0022 -0.0074 -0.0780 1.0037 0.0074 0.0033 0.0039 0.0206 -0.3266 0.9360 0.0086 0.0272 -0.9249 -0.3095 2.244722 
549.4636 42.734 108.567 -0.31259 0.93061 0.626 0.0000 0.07780 9.0000 42.28 0.9949 0.9951 1.0000 -0.0779 -0.0019 -0.0075 -0.0781 1.0050 0.0070 0.0026 0.0035 0.0205 -0.3222 0.9376 0.0085 0.0274 -0.9282 -0.3046 2.256459 
546.5862 42.727 108.268 -0.30772 0.93223 0.625 0.0000 0.07804 9.0000 40.54 0.9955 0.9957 1.0000 -0.0782 -0.0019 -0.0076 -0.0783 1.0061 0.0067 0.0021 0.0031 0.0202 -0.3175 0.9388 0.0084 0.0270 -0.9313 -0.2998 2.268337 
543.2238 42.712 107.913 -0.30202 0.93437 0.621 0.0000 0.07858 9.0000 38.34 0.9962 0.9963 1.0000 -0.0787 -0.0019 -0.0080 -0.0791 1.0072 0.0066 0.0017 0.0027 0.0197 -0.3123 0.9404 0.0084 0.0270 -0.9351 -0.2939 2.282378 
540.3370 42.697 107.603 -0.29704 0.93621 0.617 0.0000 0.07912 9.0000 35.99 0.9969 0.9971 1.0000 -0.0791 -0.0018 -0.0085 -0.0798 1.0084 0.0066 0.0015 0.0021 0.0191 -0.3078 0.9421 0.0083 0.0270 -0.9381 -0.2888 2.294572 
537.4457 42.679 107.295 -0.29210 0.93814 0.614 0.0000 0.07978 9.0000 34.39 0.9975 0.9976 1.0000 -0.0796 -0.0016 -0.0089 -0.0807 1.0091 0.0064 0.0015 0.0017 0.0182 -0.3033 0.9440 0.0080 0.0271 -0.9408 -0.2835 2.306916 
534.0671 42.652 106.933 -0.28620 0.94004 0.614 0.0000 0.08073 9.0000 32.56 0.9980 0.9982 1.0000 -0.0805 -0.0014 -0.0092 -0.0818 1.0100 0.0062 0.0016 0.0012 0.0172 -0.2982 0.9460 0.0080 0.0275 -0.9436 -0.2771 2.321510 
531.1663 42.625 106.635 -0.28135 0.94168 0.612 0.0000 0.08167 9.0000 30.85 0.9985 0.9987 1.0000 -0.0816 -0.0013 -0.0096 -0.0826 1.0108 0.0059 0.0019 0.0008 0.0165 -0.2942 0.9477 0.0079 0.0280 -0.9459 -0.2715 2.334188 
528.2610 42.594 106.336 -0.27653 0.94344 0.616 0.0000 0.08276 9.0000 28.45 0.9984 0.9986 1.0000 -0.0825 -0.0013 -0.0101 -0.0839 1.0102 0.0055 0.0025 0.0004 0.0158 -0.2900 0.9488 0.0079 0.0284 -0.9476 -0.2658 2.347025 
524.8660 42.564 105.995 -0.27118 0.94604 0.617 0.0000 0.08390 9.0000 27.53 0.9985 0.9987 1.0000 -0.0836 -0.0014 -0.0109 -0.0849 1.0092 0.0046 0.0033 -0.0001 0.0152 -0.2855 0.9509 0.0078 0.0288 -0.9498 -0.2593 2.362206 
521.9510 42.541 105.708 -0.26678 0.94859 0.607 0.0000 0.08480 9.0000 25.23 0.9985 0.9986 1.0000 -0.0847 -0.0015 -0.0116 -0.0856 1.0078 0.0040 0.0041 -0.0005 0.0144 -0.2816 0.9530 0.0078 0.0294 -0.9516 -0.2540 2.375399 
518.5446 42.514 105.361 -0.26145 0.95168 0.598 0.0000 0.08585 9.0000 23.18 0.9987 0.9988 1.0000 -0.0857 -0.0016 -0.0121 -0.0866 1.0066 0.0033 0.0058 -0.0009 0.0128 -0.2767 0.9558 0.0079 0.0294 -0.9538 -0.2479 2.391003 
515.6198 42.495 105.054 -0.25654 0.95385 0.602 0.0000 0.08661 9.0000 21.95 0.9987 0.9989 1.0000 -0.0865 -0.0018 -0.0123 -0.0872 1.0058 0.0022 0.0070 -0.0012 0.0116 -0.2722 0.9581 0.0081 0.0293 -0.9552 -0.2424 2.404566 
512.6906 42.476 104.735 -0.25139 0.95588 0.604 0.0000 0.08730 9.0000 19.79 0.9989 0.9991 1.0000 -0.0874 -0.0021 -0.0124 -0.0877 1.0055 0.0012 0.0084 -0.0017 0.0109 -0.2675 0.9600 0.0085 0.0298 -0.9571 -0.2367 2.418304 
509.2673 42.461 104.347 -0.24505 0.95806 0.604 0.0000 0.08786 9.0000 20.11 0.9990 0.9991 1.0000 -0.0879 -0.0026 -0.0125 -0.0883 1.0050 -0.0001 0.0092 -0.0022 0.0102 -0.2618 0.9618 0.0086 0.0309 -0.9591 -0.2296 2.434560 
506.3282 42.450 104.005 -0.23942 0.95992 0.610 0.0000 0.08828 9.0000 18.30 0.9993 0.9995 1.0000 -0.0883 -0.0030 -0.0126 -0.0887 1.0053 -0.0012 0.0096 -0.0025 0.0096 -0.2568 0.9635 0.0086 0.0312 -0.9614 -0.2233 2.448692 
503.3844 42.437 103.653 -0.23363 0.96182 0.626 0.0000 0.08879 9.0000 17.35 0.9990 0.9992 1.0000 -0.0889 -0.0033 -0.0125 -0.0891 1.0041 -0.0024 0.0103 -0.0025 0.0089 -0.2514 0.9649 0.0086 0.0316 -0.9627 -0.2168 2.463012 
499.9442 42.443 103.246 -0.22684 0.96365 0.638 0.0000 0.08860 9.0000 15.61 0.9994 0.9996 1.0000 -0.0886 -0.0035 -0.0122 -0.0890 1.0047 -0.0038 0.0104 -0.0029 0.0083 -0.2452 0.9674 0.0082 0.0311 -0.9644 -0.2095 2.479960 
496.9904 42.441 102.898 -0.22086 0.96450 0.666 0.0000 0.08863 9.0000 14.53 0.9994 0.9995 1.0000 -0.0887 -0.0036 -0.0114 -0.0890 1.0051 -0.0050 0.0103 -0.0031 0.0079 -0.2396 0.9686 0.0079 0.0309 -0.9653 -0.2032 2.494700 
494.0320 42.438 102.519 -0.21438 0.96548 0.709 0.0000 0.08868 9.0000 13.19 0.9995 0.9996 1.0000 -0.0891 -0.0035 -0.0109 -0.0887 1.0058 -0.0061 0.0097 -0.0035 0.0072 -0.2336 0.9700 0.0074 0.0317 -0.9665 -0.1964 2.509639 
490.5746 42.435 102.094 -0.20716 0.96680 0.748 0.0000 0.08875 9.0000 10.99 0.9987 0.9989 1.0000 -0.0895 -0.0034 -0.0103 -0.0884 1.0046 -0.0069 0.0092 -0.0041 0.0068 -0.2267 0.9710 0.0069 0.0323 -0.9670 -0.1886 2.527326 
487.6060 42.436 101.711 -0.20077 0.96853 0.812 0.0000 0.08875 9.0000 10.22 0.9981 0.9983 1.0000 -0.0896 -0.0035 -0.0100 -0.0881 1.0029 -0.0073 0.0083 -0.0045 0.0068 -0.2206 0.9725 0.0060 0.0326 -0.9674 -0.1815 2.542713 
484.6327 42.431 101.327 -0.19437 0.97034 0.915 0.0000 0.08897 9.0000 9.28 0.9974 0.9976 1.0000 -0.0899 -0.0035 -0.0095 -0.0881 1.0011 -0.0072 0.0080 -0.0047 0.0061 -0.2140 0.9738 0.0056 0.0327 -0.9679 -0.1750 2.558313 
481.1579 42.433 100.881 -0.18706 0.97316 1.141 0.0000 0.08902 9.0000 9.09 0.9975 0.9977 1.0000 -0.0901 -0.0038 -0.0091 -0.0879 0.9999 -0.0075 0.0075 -0.0054 0.0056 -0.2065 0.9767 0.0047 0.0324 -0.9696 -0.1677 2.576788 
478.1744 42.440 100.516 -0.18100 0.97510 1.397 0.0000 0.08886 9.0000 9.47 0.9981 0.9983 1.0000 -0.0901 -0.0042 -0.0089 -0.0876 1.0002 -0.0079 0.0076 -0.0060 0.0039 -0.2003 0.9792 0.0041 0.0325 -0.9712 -0.1617 2.592865 
475.1861 42.435 100.149 -0.17498 0.97751 1.669 0.0000 0.08916 9.0000 10.67 0.9991 0.9993 1.0000 -0.0903 -0.0042 -0.0092 -0.0881 1.0009 -0.0079 0.0077 -0.0067 0.0035 -0.1945 0.9825 0.0037 0.0333 -0.9735 -0.1556 2.609171 
471.6937 42.436 99.724 -0.16796 0.98012 2.007 0.0000 0.08924 9.0000 12.84 0.9998 1.0000 1.0000 -0.0903 -0.0042 -0.0094 -0.0883 1.0010 -0.0071 0.0083 -0.0071 0.0020 -0.1873 0.9856 0.0031 0.0350 -0.9756 -0.1488 2.628489 
468.6950 42.449 99.419 -0.16294 0.98223 2.553 0.0000 0.08888 9.0000 15.25 1.0001 1.0003 1.0000 -0.0899 -0.0043 -0.0100 -0.0879 1.0003 -0.0071 0.0079 -0.0074 0.0002 -0.1824 0.9878 0.0027 0.0360 -0.9770 -0.1435 2.645306 
465.6915 42.462 99.149 -0.15853 0.98428 3.462 0.0000 0.08856 9.0000 19.78 1.0017 1.0019 1.0000 -0.0897 -0.0042 -0.0102 -0.0876 1.0023 -0.0078 0.0080 -0.0078 -0.0009 -0.1783 0.9911 0.0027 0.0366 -0.9797 -0.1392 2.662367 
462.1813 42.486 98.788 -0.15252 0.98654 4.741 0.0000 0.08784 9.0000 25.18 1.0023 1.0025 1.0000 -0.0895 -0.0046 -0.0108 -0.0864 1.0023 -0.0083 0.0086 -0.0085 -0.0033 -0.1713 0.9941 0.0023 0.0376 -0.9813 -0.1341 2.682588 
459.1674 42.510 98.517 -0.14793 0.98782 5.064 0.0000 0.08705 9.0000 24.82 1.0043 1.0045 1.0000 -0.0893 -0.0048 -0.0113 -0.0853 1.0057 -0.0090 0.0085 -0.0089 -0.0045 -0.1661 0.9974 0.0026 0.0391 -0.9839 -0.1306 2.700196 
456.1485 42.538 98.250 -0.14331 0.98834 4.368 0.0000 0.08604 9.0000 20.31 1.0046 1.0049 1.0000 -0.0888 -0.0048 -0.0120 -0.0838 1.0067 -0.0094 0.0095 -0.0095 -0.0059 -0.1608 0.9993 0.0026 0.0406 -0.9839 -0.1268 2.718066 
452.6203 42.569 97.929 -0.13756 0.98767 3.156 0.0000 0.08483 9.0000 13.24 1.0029 1.0031 1.0000 -0.0881 -0.0053 -0.0122 -0.0819 1.0048 -0.0106 0.0107 -0.0093 -0.0062 -0.1535 0.9992 0.0023 0.0398 -0.9809 -0.1222 2.739254 
449.5909 42.599 97.645 -0.13238 0.98617 2.324 0.0000 0.08358 9.0000 9.08 1.0013 1.0015 1.0000 -0.0873 -0.0056 -0.0119 -0.0802 1.0039 -0.0117 0.0124 -0.0092 -0.0063 -0.1466 0.9988 0.0021 0.0382 -0.9773 -0.1187 2.757711 
446.5565 42.633 97.355 -0.12698 0.98379 1.798 0.0000 0.08215 9.0000 6.36 0.9991 0.9993 1.0000 -0.0862 -0.0059 -0.0113 -0.0783 1.0027 -0.0131 0.0146 -0.0090 -0.0061 -0.1390 0.9977 0.0017 0.0358 -0.9725 -0.1153 2.776450 
443.0101 42.675 97.007 -0.12048 0.98016 1.357 0.0000 0.08031 9.0000 4.39 0.9962 0.9964 1.0000 -0.0848 -0.0062 -0.0101 -0.0759 1.0015 -0.0150 0.0177 -0.0085 -0.0054 -0.1295 0.9960 0.0012 0.0320 -0.9658 -0.1116 2.798676 
439.9650 42.708 96.752 -0.11559 0.97640 1.071 0.0000 0.07882 9.0000 3.34 0.9930 0.9933 1.0000 -0.0835 -0.0064 -0.0089 -0.0741 0.9995 -0.0166 0.0203 -0.0081 -0.0046 -0.1221 0.9932 0.0007 0.0285 -0.9591 -0.1090 2.818047 

# MINIMA:
439.9650 42.431 96.752 -0.69210 0.65815 0.598 0.0000 0.04154 9.0000 3.34 0.9344 0.9350 1.0000 -0.0903 -0.0312 -0.0126 -0.0891 0.9088 -0.0166 -0.0129 -0.0095 -0.0063 -0.6580 0.6288 -0.0102 -0.0100 -0.9839 -0.6899 1.242747 

# MAXIMA:
997.6623 43.766 136.257 -0.11559 0.98834 5.064 0.0000 0.08924 9.0000 59.01 1.0046 1.0049 1.0000 -0.0390 -0.0013 0.0199 -0.0401 1.0108 0.0451 0.0203 0.0260 0.0506 -0.1221 0.9993 0.0109 0.0406 -0.6263 -0.1090 2.818047 

# PEAKS:

# END SPECTRUM

