## SPECTRUM TYPE:
LCE

## DATE:
20/03/2008

## COMMENTS:

## NUMBER OF SPECTRUM:
1

## ELLIPSOMETRIC CONFIGURATION:
0.00 ø :Modulator
+45.00 øAnalyser

## UNIT:
nm


# SPECTRUM:
1

# START TIME:
18:10:08

# END TIME:
18:10:08

# THETA ANGLE:
0.00 ø

# INCIDENCE ANGLE:
70.00 ø

# ACCUMULATION NUMBER:
1

# ELLIPSOMETRIC CONFIGURATION:
0.00 ø :Modulator
+45.00 øAnalyser

# INTEGRATION TIME:
292 ms

# FIRST POINT:
848.68 nm

# LAST POINT:
429.72 nm

# INCREMENT:
0.00 nm

# NUMBER OF POINTS:
250

# DATA:
nm Psi Delta Ic Is IcPrim IntensityMax Polarization PolarizationGen IntegrationTime Mueller11 Mueller12 Mueller13 Mueller14 Mueller21 Mueller22 Mueller23 Mueller24 Mueller31 Mueller32 Mueller33 Mueller34 Mueller41 Mueller42 Mueller43 Mueller44 
848.68 17.142 8.106 0.56730 0.08080 0.84066 10.41 1.0062 1.0066 292.0000 1.0000 -0.8302 0.0052 -0.0042 -0.8512 0.9896 -0.0004 0.0020 0.0089 0.0519 0.5710 0.0713 -0.0077 0.0099 -0.0903 0.5636 
847.41 17.140 8.604 0.56466 0.08543 0.83792 9.26 1.0049 1.0051 292.0000 1.0000 -0.8330 0.0133 -0.0019 -0.8428 0.9911 0.0067 0.0042 0.0003 0.0375 0.5718 0.0786 -0.0078 0.0065 -0.0923 0.5575 
845.89 17.116 9.010 0.56162 0.08905 0.83585 10.10 1.0037 1.0039 292.0000 1.0000 -0.8362 0.0205 0.0002 -0.8355 0.9928 0.0119 0.0061 -0.0073 0.0250 0.5713 0.0846 -0.0080 0.0022 -0.0935 0.5519 
844.61 17.076 9.183 0.55965 0.09048 0.83586 9.07 1.0038 1.0039 292.0000 1.0000 -0.8394 0.0242 0.0013 -0.8323 0.9949 0.0137 0.0072 -0.0114 0.0185 0.5701 0.0874 -0.0084 -0.0013 -0.0936 0.5492 
843.09 16.987 8.889 0.55659 0.08705 0.83610 10.70 1.0026 1.0028 292.0000 1.0000 -0.8416 0.0246 0.0007 -0.8306 0.9937 0.0102 0.0068 -0.0100 0.0220 0.5631 0.0840 -0.0111 -0.0100 -0.0901 0.5501 
841.81 16.868 8.566 0.55508 0.08361 0.84055 9.65 1.0044 1.0046 292.0000 1.0000 -0.8461 0.0210 -0.0005 -0.8350 0.9959 0.0029 0.0055 -0.0067 0.0297 0.5578 0.0806 -0.0106 -0.0126 -0.0867 0.5523 
840.28 16.781 8.184 0.55296 0.07953 0.84210 10.29 1.0063 1.0066 292.0000 1.0000 -0.8456 0.0177 -0.0012 -0.8386 1.0040 0.0010 0.0060 -0.0042 0.0347 0.5532 0.0745 -0.0131 -0.0190 -0.0846 0.5527 
839.00 16.552 8.120 0.54711 0.07806 0.84766 9.75 1.0073 1.0075 292.0000 1.0000 -0.8496 0.0146 -0.0018 -0.8457 1.0054 0.0031 0.0064 -0.0053 0.0318 0.5440 0.0766 -0.0091 -0.0162 -0.0795 0.5503 
837.46 16.378 7.755 0.54274 0.07391 0.85143 10.92 1.0076 1.0077 292.0000 1.0000 -0.8545 0.0122 0.0002 -0.8483 1.0057 0.0004 0.0104 -0.0097 0.0209 0.5359 0.0744 -0.0032 -0.0038 -0.0734 0.5496 
836.18 16.377 7.282 0.54201 0.06926 0.84951 11.27 1.0060 1.0061 292.0000 1.0000 -0.8544 0.0091 -0.0006 -0.8446 1.0038 -0.0101 0.0080 -0.0067 0.0247 0.5324 0.0699 -0.0073 -0.0083 -0.0686 0.5516 
834.64 16.337 7.391 0.53959 0.07000 0.84847 10.82 1.0034 1.0036 292.0000 1.0000 -0.8535 0.0069 0.0023 -0.8434 0.9977 -0.0107 0.0127 -0.0071 0.0255 0.5328 0.0679 -0.0060 -0.0048 -0.0721 0.5464 
833.35 16.322 7.454 0.53614 0.07014 0.84404 11.76 1.0004 1.0005 292.0000 1.0000 -0.8502 0.0064 0.0038 -0.8378 0.9966 -0.0142 0.0121 -0.0069 0.0191 0.5326 0.0696 -0.0067 -0.0008 -0.0707 0.5397 
831.81 16.233 7.356 0.53510 0.06908 0.84805 11.70 1.0015 1.0016 292.0000 1.0000 -0.8582 0.0080 0.0066 -0.8379 0.9957 -0.0130 0.0133 -0.0061 0.0161 0.5325 0.0669 -0.0032 0.0036 -0.0712 0.5377 
830.52 16.143 7.589 0.53021 0.07064 0.84658 12.40 0.9976 0.9977 292.0000 1.0000 -0.8565 0.0085 0.0097 -0.8367 0.9873 -0.0127 0.0160 -0.0115 0.0040 0.5304 0.0661 0.0035 0.0143 -0.0752 0.5300 
828.97 16.099 7.370 0.52870 0.06838 0.84666 11.15 0.9975 0.9976 292.0000 1.0000 -0.8582 0.0088 0.0101 -0.8351 0.9888 -0.0130 0.0114 -0.0117 -0.0028 0.5272 0.0670 0.0042 0.0195 -0.0698 0.5302 
827.67 15.964 7.076 0.52571 0.06526 0.85016 12.18 0.9959 0.9961 292.0000 1.0000 -0.8598 0.0083 0.0113 -0.8405 0.9801 -0.0116 0.0129 -0.0106 0.0067 0.5220 0.0643 0.0051 0.0141 -0.0662 0.5295 
826.12 15.825 6.872 0.51834 0.06247 0.84709 10.97 0.9921 0.9922 292.0000 1.0000 -0.8565 0.0110 0.0125 -0.8377 0.9779 -0.0100 0.0134 -0.0109 0.0000 0.5101 0.0649 0.0061 0.0177 -0.0600 0.5266 
824.82 15.809 7.224 0.51960 0.06586 0.85076 12.73 0.9929 0.9930 292.0000 1.0000 -0.8595 0.0138 0.0151 -0.8420 0.9730 -0.0064 0.0177 -0.0140 0.0033 0.5164 0.0655 0.0087 0.0188 -0.0662 0.5229 
823.26 15.711 6.987 0.51659 0.06331 0.85199 11.67 0.9932 0.9933 292.0000 1.0000 -0.8573 0.0133 0.0121 -0.8467 0.9758 -0.0027 0.0169 -0.0106 0.0140 0.5109 0.0610 0.0073 0.0105 -0.0657 0.5223 
821.96 15.737 7.275 0.51710 0.06601 0.85153 13.31 0.9943 0.9944 292.0000 1.0000 -0.8555 0.0128 0.0115 -0.8475 0.9800 -0.0048 0.0147 -0.0132 0.0097 0.5159 0.0656 0.0077 0.0138 -0.0665 0.5183 
820.39 15.670 7.052 0.51645 0.06389 0.85458 13.06 0.9968 0.9969 292.0000 1.0000 -0.8583 0.0133 0.0093 -0.8508 0.9860 -0.0035 0.0104 -0.0138 0.0128 0.5120 0.0650 0.0034 0.0104 -0.0628 0.5209 
819.08 15.644 7.448 0.51566 0.06741 0.85579 12.80 0.9975 0.9977 292.0000 1.0000 -0.8576 0.0133 0.0080 -0.8540 0.9872 -0.0009 0.0106 -0.0179 0.0105 0.5122 0.0714 0.0042 0.0100 -0.0634 0.5191 
817.51 15.646 7.285 0.51433 0.06575 0.85317 14.49 0.9966 0.9967 292.0000 1.0000 -0.8543 0.0144 0.0081 -0.8520 0.9896 -0.0036 0.0097 -0.0171 0.0090 0.5093 0.0727 0.0008 0.0109 -0.0588 0.5194 
816.20 15.653 7.002 0.51329 0.06305 0.85056 14.03 0.9959 0.9960 292.0000 1.0000 -0.8514 0.0149 0.0068 -0.8497 0.9925 -0.0067 0.0088 -0.0170 0.0121 0.5048 0.0694 -0.0021 0.0044 -0.0567 0.5218 
814.63 15.690 7.340 0.51307 0.06609 0.84830 14.22 0.9950 0.9951 292.0000 1.0000 -0.8478 0.0144 0.0060 -0.8488 0.9925 -0.0078 0.0086 -0.0205 0.0053 0.5072 0.0733 -0.0014 0.0096 -0.0589 0.5189 
813.32 15.643 7.610 0.51230 0.06845 0.85058 14.58 0.9965 0.9967 292.0000 1.0000 -0.8496 0.0144 0.0071 -0.8516 0.9955 -0.0084 0.0099 -0.0206 0.0040 0.5097 0.0732 0.0005 0.0148 -0.0638 0.5149 
811.74 15.646 7.652 0.51159 0.06874 0.84927 14.12 0.9960 0.9961 292.0000 1.0000 -0.8465 0.0115 0.0045 -0.8520 0.9962 -0.0113 0.0048 -0.0191 0.0103 0.5091 0.0704 0.0009 0.0082 -0.0670 0.5141 
810.42 15.535 8.135 0.50902 0.07276 0.85338 15.22 0.9976 0.9977 292.0000 1.0000 -0.8496 0.0116 0.0074 -0.8572 0.9976 -0.0066 0.0099 -0.0208 0.0076 0.5104 0.0732 0.0036 0.0109 -0.0724 0.5076 
808.83 15.347 8.131 0.50598 0.07229 0.86101 15.64 1.0003 1.0004 292.0000 1.0000 -0.8564 0.0096 0.0075 -0.8656 0.9987 -0.0096 0.0080 -0.0180 0.0098 0.5047 0.0739 0.0042 0.0115 -0.0707 0.5073 
807.51 15.212 8.440 0.50169 0.07444 0.86368 15.51 0.9999 1.0000 292.0000 1.0000 -0.8596 0.0103 0.0069 -0.8677 0.9963 -0.0110 0.0083 -0.0174 0.0106 0.5018 0.0770 0.0066 0.0104 -0.0718 0.5016 
805.92 15.136 8.957 0.49869 0.07860 0.86492 16.86 0.9988 0.9989 292.0000 1.0000 -0.8605 0.0117 0.0071 -0.8693 0.9920 -0.0074 0.0115 -0.0169 0.0110 0.5027 0.0807 0.0076 0.0065 -0.0765 0.4947 
804.33 15.046 8.950 0.49639 0.07818 0.86721 16.62 0.9983 0.9984 292.0000 1.0000 -0.8641 0.0127 0.0065 -0.8704 0.9885 -0.0010 0.0123 -0.0176 0.0114 0.4998 0.0762 0.0081 0.0090 -0.0801 0.4930 
803.00 14.917 8.681 0.49244 0.07519 0.86866 16.24 0.9959 0.9960 292.0000 1.0000 -0.8661 0.0117 0.0050 -0.8712 0.9807 -0.0047 0.0091 -0.0140 0.0161 0.4942 0.0724 0.0071 0.0060 -0.0780 0.4907 
801.41 14.869 8.887 0.48988 0.07660 0.86796 17.73 0.9949 0.9950 292.0000 1.0000 -0.8670 0.0120 0.0048 -0.8689 0.9803 -0.0052 0.0067 -0.0136 0.0139 0.4935 0.0741 0.0074 0.0069 -0.0791 0.4862 
800.08 14.760 8.604 0.48638 0.07359 0.86879 16.64 0.9945 0.9946 292.0000 1.0000 -0.8685 0.0118 0.0055 -0.8691 0.9810 -0.0028 0.0055 -0.0133 0.0166 0.4860 0.0704 0.0063 0.0023 -0.0768 0.4868 
798.47 14.718 8.199 0.48375 0.06970 0.86612 16.44 0.9914 0.9915 292.0000 1.0000 -0.8647 0.0097 0.0034 -0.8675 0.9765 -0.0017 0.0059 -0.0128 0.0160 0.4793 0.0668 0.0049 0.0006 -0.0725 0.4882 
797.14 14.654 7.871 0.48035 0.06640 0.86398 17.70 0.9886 0.9887 292.0000 1.0000 -0.8640 0.0090 0.0031 -0.8639 0.9727 -0.0027 0.0041 -0.0111 0.0183 0.4724 0.0638 0.0017 -0.0028 -0.0690 0.4884 
795.53 14.645 7.354 0.47995 0.06194 0.86296 18.08 0.9878 0.9879 292.0000 1.0000 -0.8635 0.0069 0.0007 -0.8624 0.9722 -0.0091 0.0024 -0.0135 0.0139 0.4686 0.0588 0.0009 -0.0015 -0.0651 0.4913 
794.19 14.662 7.582 0.48013 0.06391 0.86247 17.68 0.9870 0.9870 292.0000 1.0000 -0.8644 0.0057 0.0001 -0.8605 0.9692 -0.0097 0.0027 -0.0143 0.0103 0.4711 0.0606 0.0012 0.0014 -0.0672 0.4891 
792.58 14.612 7.190 0.48032 0.06060 0.86560 19.00 0.9884 0.9884 292.0000 1.0000 -0.8651 0.0049 0.0012 -0.8661 0.9696 -0.0069 0.0073 -0.0119 0.0138 0.4703 0.0564 0.0000 -0.0004 -0.0648 0.4903 
791.24 14.565 7.058 0.47911 0.05932 0.86659 19.22 0.9893 0.9894 292.0000 1.0000 -0.8636 0.0015 -0.0007 -0.8695 0.9729 -0.0089 0.0068 -0.0129 0.0150 0.4676 0.0564 -0.0002 -0.0029 -0.0623 0.4906 
789.62 14.462 7.189 0.47701 0.06016 0.87035 20.12 0.9914 0.9915 292.0000 1.0000 -0.8667 0.0007 -0.0004 -0.8740 0.9765 -0.0084 0.0104 -0.0099 0.0192 0.4653 0.0568 -0.0021 -0.0044 -0.0636 0.4887 
788.27 14.382 7.153 0.47563 0.05969 0.87358 19.31 0.9929 0.9930 292.0000 1.0000 -0.8678 -0.0001 -0.0003 -0.8794 0.9784 -0.0104 0.0120 -0.0082 0.0192 0.4629 0.0578 -0.0018 -0.0030 -0.0615 0.4884 
786.65 14.411 7.425 0.47674 0.06213 0.87389 20.48 0.9941 0.9942 292.0000 1.0000 -0.8683 -0.0001 -0.0022 -0.8795 0.9812 -0.0154 0.0085 -0.0077 0.0226 0.4679 0.0603 -0.0029 -0.0053 -0.0639 0.4856 
785.30 14.431 7.519 0.47682 0.06293 0.87268 20.57 0.9945 0.9946 292.0000 1.0000 -0.8658 -0.0011 -0.0038 -0.8796 0.9849 -0.0149 0.0106 -0.0074 0.0248 0.4698 0.0603 -0.0039 -0.0097 -0.0655 0.4838 
783.68 14.376 7.445 0.47582 0.06218 0.87479 19.30 0.9960 0.9962 292.0000 1.0000 -0.8686 0.0008 -0.0029 -0.8810 0.9885 -0.0131 0.0113 -0.0050 0.0304 0.4686 0.0570 -0.0047 -0.0096 -0.0674 0.4830 
782.32 14.314 7.644 0.47345 0.06355 0.87529 20.97 0.9953 0.9955 292.0000 1.0000 -0.8695 0.0013 -0.0030 -0.8810 0.9867 -0.0128 0.0139 -0.0035 0.0354 0.4690 0.0569 -0.0052 -0.0090 -0.0702 0.4779 
780.69 14.294 8.067 0.47173 0.06686 0.87438 22.07 0.9963 0.9965 292.0000 1.0000 -0.8689 0.0018 -0.0028 -0.8798 0.9935 -0.0117 0.0127 -0.0043 0.0348 0.4695 0.0599 -0.0050 -0.0115 -0.0738 0.4739 
779.33 14.216 8.672 0.46873 0.07149 0.87584 20.59 0.9967 0.9969 292.0000 1.0000 -0.8698 0.0039 -0.0005 -0.8819 0.9949 -0.0066 0.0151 -0.0055 0.0345 0.4694 0.0651 -0.0038 -0.0107 -0.0779 0.4680 
777.69 14.161 8.613 0.46665 0.07068 0.87578 21.87 0.9956 0.9958 292.0000 1.0000 -0.8693 0.0027 -0.0014 -0.8823 0.9926 -0.0047 0.0146 -0.0051 0.0343 0.4665 0.0644 -0.0030 -0.0120 -0.0769 0.4668 
776.33 14.128 8.589 0.46497 0.07023 0.87503 21.85 0.9952 0.9954 292.0000 1.0000 -0.8690 0.0027 -0.0033 -0.8811 0.9941 -0.0041 0.0116 -0.0047 0.0349 0.4622 0.0631 -0.0027 -0.0161 -0.0774 0.4677 
774.69 14.077 8.796 0.46353 0.07173 0.87652 20.49 0.9954 0.9956 292.0000 1.0000 -0.8721 0.0006 -0.0043 -0.8810 0.9934 -0.0088 0.0075 -0.0041 0.0332 0.4623 0.0658 -0.0021 -0.0139 -0.0776 0.4647 
773.32 14.027 8.825 0.46162 0.07167 0.87666 23.08 0.9940 0.9942 292.0000 1.0000 -0.8729 0.0009 -0.0044 -0.8804 0.9894 -0.0086 0.0052 -0.0047 0.0293 0.4592 0.0672 -0.0016 -0.0124 -0.0761 0.4640 
771.68 13.927 8.672 0.45942 0.07008 0.87951 23.02 0.9954 0.9955 292.0000 1.0000 -0.8766 0.0004 -0.0043 -0.8824 0.9921 -0.0082 0.0046 -0.0048 0.0258 0.4556 0.0673 -0.0012 -0.0088 -0.0729 0.4632 
770.31 13.868 8.902 0.45650 0.07150 0.87881 22.46 0.9955 0.9955 292.0000 1.0000 -0.8761 0.0014 -0.0043 -0.8815 0.9960 -0.0076 0.0041 -0.0058 0.0212 0.4523 0.0683 -0.0009 -0.0085 -0.0747 0.4607 
768.66 13.765 8.823 0.45255 0.07025 0.87878 23.97 0.9947 0.9948 292.0000 1.0000 -0.8778 0.0011 -0.0043 -0.8798 0.9969 -0.0072 0.0018 -0.0056 0.0174 0.4451 0.0681 -0.0014 -0.0073 -0.0723 0.4600 
767.28 13.717 8.961 0.45098 0.07111 0.87965 23.94 0.9946 0.9946 292.0000 1.0000 -0.8795 0.0003 -0.0049 -0.8798 0.9961 -0.0093 0.0001 -0.0069 0.0104 0.4433 0.0700 -0.0015 -0.0023 -0.0722 0.4587 
765.62 13.657 8.909 0.44873 0.07034 0.87967 25.31 0.9944 0.9945 292.0000 1.0000 -0.8810 0.0009 -0.0054 -0.8783 0.9975 -0.0133 -0.0032 -0.0063 0.0088 0.4398 0.0688 -0.0026 -0.0019 -0.0719 0.4577 
764.24 13.616 9.012 0.44720 0.07092 0.88004 25.97 0.9942 0.9943 292.0000 1.0000 -0.8817 0.0013 -0.0058 -0.8784 0.9974 -0.0159 -0.0042 -0.0066 0.0084 0.4385 0.0691 -0.0034 -0.0008 -0.0728 0.4559 
762.59 13.539 9.033 0.44503 0.07075 0.88159 26.24 0.9945 0.9946 292.0000 1.0000 -0.8850 0.0031 -0.0042 -0.8781 0.9978 -0.0163 -0.0039 -0.0064 0.0117 0.4371 0.0698 -0.0050 0.0028 -0.0716 0.4530 
761.20 13.493 9.344 0.44356 0.07299 0.88285 25.72 0.9936 0.9936 292.0000 1.0000 -0.8870 0.0042 -0.0037 -0.8787 0.9927 -0.0158 -0.0034 -0.0077 0.0121 0.4372 0.0730 -0.0066 0.0053 -0.0730 0.4500 
759.54 13.424 9.785 0.44161 0.07616 0.88534 27.00 0.9948 0.9949 292.0000 1.0000 -0.8904 0.0048 -0.0022 -0.8803 0.9946 -0.0175 -0.0042 -0.0091 0.0099 0.4380 0.0766 -0.0068 0.0062 -0.0757 0.4452 
757.87 13.353 10.202 0.43948 0.07909 0.88761 27.85 0.9947 0.9947 292.0000 1.0000 -0.8922 0.0058 -0.0003 -0.8830 0.9914 -0.0130 0.0002 -0.0092 0.0129 0.4385 0.0796 -0.0067 0.0072 -0.0786 0.4405 
756.48 13.315 10.342 0.43883 0.08008 0.88964 27.29 0.9953 0.9954 292.0000 1.0000 -0.8941 0.0058 -0.0005 -0.8852 0.9909 -0.0107 0.0024 -0.0090 0.0147 0.4383 0.0797 -0.0069 0.0067 -0.0804 0.4393 
754.81 13.264 10.317 0.43822 0.07978 0.89232 27.52 0.9964 0.9965 292.0000 1.0000 -0.8949 0.0074 -0.0008 -0.8897 0.9911 -0.0098 0.0041 -0.0094 0.0165 0.4364 0.0795 -0.0064 0.0066 -0.0800 0.4401 
753.41 13.252 10.864 0.43810 0.08408 0.89458 28.32 0.9972 0.9973 292.0000 1.0000 -0.8966 0.0087 0.0004 -0.8926 0.9896 -0.0083 0.0056 -0.0100 0.0157 0.4404 0.0826 -0.0055 0.0085 -0.0855 0.4358 
751.74 13.200 10.919 0.43688 0.08428 0.89630 28.69 0.9976 0.9977 292.0000 1.0000 -0.8978 0.0085 0.0013 -0.8948 0.9891 -0.0068 0.0077 -0.0105 0.0183 0.4390 0.0821 -0.0044 0.0079 -0.0865 0.4347 
750.34 13.133 11.129 0.43588 0.08574 0.90018 29.62 0.9997 0.9998 292.0000 1.0000 -0.9020 0.0083 0.0026 -0.8983 0.9910 -0.0053 0.0108 -0.0104 0.0185 0.4390 0.0842 -0.0029 0.0080 -0.0873 0.4328 
748.66 13.114 11.449 0.43459 0.08801 0.90011 27.93 0.9998 0.9999 292.0000 1.0000 -0.9016 0.0089 0.0048 -0.8986 0.9922 -0.0028 0.0122 -0.0113 0.0185 0.4391 0.0853 -0.0007 0.0039 -0.0907 0.4301 
747.25 13.075 11.591 0.43242 0.08869 0.89913 29.53 0.9989 0.9990 292.0000 1.0000 -0.8996 0.0088 0.0046 -0.8986 0.9924 -0.0018 0.0109 -0.0102 0.0186 0.4366 0.0857 -0.0005 0.0021 -0.0917 0.4282 
745.57 13.009 11.523 0.42984 0.08763 0.89874 31.11 0.9978 0.9979 292.0000 1.0000 -0.8985 0.0073 0.0029 -0.8989 0.9910 -0.0029 0.0088 -0.0105 0.0166 0.4313 0.0847 0.0015 0.0017 -0.0906 0.4284 
744.16 12.955 11.569 0.42732 0.08748 0.89788 30.03 0.9969 0.9970 292.0000 1.0000 -0.8968 0.0063 0.0018 -0.8989 0.9911 -0.0064 0.0048 -0.0111 0.0157 0.4279 0.0849 0.0028 -0.0006 -0.0901 0.4268 
742.47 12.895 11.603 0.42435 0.08713 0.89651 31.64 0.9952 0.9952 292.0000 1.0000 -0.8952 0.0060 0.0017 -0.8978 0.9893 -0.0081 0.0027 -0.0116 0.0161 0.4248 0.0850 0.0036 -0.0003 -0.0893 0.4239 
741.06 12.872 11.661 0.42339 0.08738 0.89651 32.73 0.9953 0.9953 292.0000 1.0000 -0.8957 0.0059 0.0018 -0.8974 0.9905 -0.0075 0.0005 -0.0119 0.0169 0.4238 0.0863 0.0036 -0.0022 -0.0885 0.4229 
739.36 12.785 11.795 0.42008 0.08772 0.89692 33.11 0.9937 0.9937 292.0000 1.0000 -0.8965 0.0056 0.0025 -0.8974 0.9861 -0.0083 -0.0013 -0.0115 0.0153 0.4203 0.0871 0.0042 -0.0018 -0.0884 0.4198 
737.94 12.718 11.801 0.41772 0.08727 0.89723 33.17 0.9935 0.9936 292.0000 1.0000 -0.8970 0.0051 0.0019 -0.8974 0.9869 -0.0094 -0.0025 -0.0122 0.0164 0.4174 0.0866 0.0046 -0.0035 -0.0879 0.4180 
736.24 12.641 11.836 0.41481 0.08693 0.89735 34.09 0.9922 0.9923 292.0000 1.0000 -0.8967 0.0051 0.0013 -0.8980 0.9839 -0.0085 -0.0008 -0.0128 0.0141 0.4135 0.0868 0.0042 -0.0023 -0.0871 0.4162 
734.82 12.632 11.979 0.41424 0.08789 0.89733 33.25 0.9922 0.9923 292.0000 1.0000 -0.8967 0.0059 0.0001 -0.8980 0.9844 -0.0098 -0.0004 -0.0140 0.0116 0.4131 0.0889 0.0033 -0.0007 -0.0869 0.4153 
733.12 12.548 11.839 0.41212 0.08639 0.89915 34.36 0.9915 0.9916 292.0000 1.0000 -0.8980 0.0064 0.0001 -0.9003 0.9801 -0.0104 0.0005 -0.0124 0.0142 0.4089 0.0872 0.0013 0.0002 -0.0856 0.4154 
731.69 12.495 11.920 0.41052 0.08666 0.90018 36.68 0.9913 0.9913 292.0000 1.0000 -0.8989 0.0057 0.0001 -0.9015 0.9786 -0.0114 0.0010 -0.0126 0.0135 0.4074 0.0871 0.0003 0.0005 -0.0862 0.4137 
729.98 12.412 11.969 0.40794 0.08648 0.90152 36.45 0.9907 0.9908 292.0000 1.0000 -0.9000 0.0047 0.0010 -0.9030 0.9761 -0.0106 0.0040 -0.0121 0.0134 0.4043 0.0864 -0.0013 0.0018 -0.0865 0.4116 
728.55 12.362 12.230 0.40590 0.08798 0.90198 36.86 0.9911 0.9912 292.0000 1.0000 -0.9002 0.0040 0.0017 -0.9038 0.9783 -0.0115 0.0040 -0.0128 0.0115 0.4028 0.0883 -0.0009 0.0029 -0.0876 0.4090 
726.84 12.314 12.411 0.40385 0.08888 0.90202 35.98 0.9905 0.9905 292.0000 1.0000 -0.8993 0.0044 0.0016 -0.9047 0.9771 -0.0100 0.0058 -0.0127 0.0107 0.4010 0.0885 -0.0016 0.0032 -0.0893 0.4067 
725.40 12.254 12.495 0.40247 0.08919 0.90430 37.68 0.9920 0.9920 292.0000 1.0000 -0.9015 0.0044 0.0010 -0.9071 0.9802 -0.0084 0.0056 -0.0113 0.0107 0.3981 0.0891 -0.0027 0.0037 -0.0893 0.4069 
723.68 12.204 12.729 0.40036 0.09044 0.90453 36.23 0.9927 0.9928 292.0000 1.0000 -0.9018 0.0045 0.0003 -0.9072 0.9842 -0.0085 0.0042 -0.0107 0.0112 0.3954 0.0902 -0.0030 0.0037 -0.0907 0.4054 
722.25 12.126 12.764 0.39798 0.09016 0.90592 38.88 0.9935 0.9936 292.0000 1.0000 -0.9022 0.0042 0.0001 -0.9096 0.9869 -0.0086 0.0032 -0.0106 0.0125 0.3920 0.0900 -0.0024 0.0032 -0.0903 0.4039 
720.52 12.084 13.024 0.39614 0.09163 0.90615 36.85 0.9942 0.9942 292.0000 1.0000 -0.9022 0.0050 0.0009 -0.9101 0.9903 -0.0054 0.0044 -0.0098 0.0140 0.3905 0.0906 -0.0017 0.0018 -0.0926 0.4018 
719.08 12.077 13.547 0.39550 0.09530 0.90724 38.35 0.9954 0.9954 292.0000 1.0000 -0.9033 0.0056 0.0009 -0.9112 0.9929 -0.0030 0.0042 -0.0083 0.0178 0.3921 0.0934 -0.0010 -0.0029 -0.0972 0.3989 
717.35 12.035 13.900 0.39395 0.09749 0.90859 38.37 0.9956 0.9957 292.0000 1.0000 -0.9048 0.0062 0.0012 -0.9123 0.9922 -0.0043 0.0048 -0.0078 0.0221 0.3914 0.0944 0.0007 -0.0071 -0.1006 0.3965 
715.90 12.026 14.296 0.39286 0.10011 0.90840 39.02 0.9959 0.9960 292.0000 1.0000 -0.9052 0.0064 0.0004 -0.9116 0.9942 -0.0043 0.0046 -0.0075 0.0231 0.3919 0.0968 0.0013 -0.0089 -0.1034 0.3938 
714.17 12.006 14.676 0.39136 0.10249 0.90814 39.78 0.9952 0.9953 292.0000 1.0000 -0.9053 0.0058 -0.0007 -0.9109 0.9925 -0.0041 0.0049 -0.0072 0.0242 0.3919 0.1000 0.0013 -0.0102 -0.1050 0.3908 
712.72 12.019 14.896 0.39166 0.10419 0.90868 37.01 0.9951 0.9953 292.0000 1.0000 -0.9066 0.0049 -0.0012 -0.9108 0.9906 -0.0051 0.0045 -0.0072 0.0252 0.3934 0.1026 0.0005 -0.0112 -0.1057 0.3899 
710.98 11.996 15.011 0.39074 0.10478 0.90893 39.35 0.9947 0.9948 292.0000 1.0000 -0.9073 0.0036 -0.0014 -0.9105 0.9890 -0.0075 0.0032 -0.0060 0.0252 0.3918 0.1035 -0.0015 -0.0120 -0.1060 0.3897 
709.23 11.943 15.215 0.38860 0.10569 0.90938 40.64 0.9941 0.9942 292.0000 1.0000 -0.9081 0.0023 -0.0021 -0.9107 0.9874 -0.0075 0.0038 -0.0053 0.0257 0.3899 0.1040 -0.0025 -0.0110 -0.1074 0.3873 
707.78 11.915 15.310 0.38760 0.10611 0.90985 37.66 0.9936 0.9938 292.0000 1.0000 -0.9086 0.0020 -0.0025 -0.9111 0.9852 -0.0094 0.0037 -0.0055 0.0243 0.3884 0.1043 -0.0040 -0.0094 -0.1080 0.3868 
706.03 11.893 15.390 0.38668 0.10644 0.90991 37.74 0.9942 0.9942 292.0000 1.0000 -0.9092 0.0024 -0.0028 -0.9106 0.9878 -0.0105 0.0021 -0.0063 0.0210 0.3871 0.1050 -0.0048 -0.0071 -0.1079 0.3863 
704.57 11.872 15.437 0.38621 0.10665 0.91083 36.78 0.9949 0.9950 292.0000 1.0000 -0.9106 0.0024 -0.0033 -0.9110 0.9896 -0.0087 0.0041 -0.0052 0.0194 0.3859 0.1053 -0.0076 -0.0047 -0.1080 0.3865 
702.82 11.826 15.602 0.38490 0.10748 0.91244 37.76 0.9962 0.9963 292.0000 1.0000 -0.9127 0.0022 -0.0031 -0.9121 0.9925 -0.0095 0.0031 -0.0048 0.0188 0.3840 0.1067 -0.0091 -0.0024 -0.1083 0.3858 
701.35 11.784 15.719 0.38287 0.10776 0.91179 36.81 0.9962 0.9962 292.0000 1.0000 -0.9121 0.0025 -0.0029 -0.9115 0.9951 -0.0091 0.0030 -0.0047 0.0184 0.3806 0.1068 -0.0104 -0.0014 -0.1087 0.3852 
699.59 11.732 15.837 0.38120 0.10814 0.91288 40.06 0.9968 0.9968 292.0000 1.0000 -0.9123 0.0025 -0.0034 -0.9135 0.9968 -0.0083 0.0029 -0.0049 0.0175 0.3773 0.1072 -0.0097 -0.0009 -0.1091 0.3851 
698.13 11.692 16.072 0.37960 0.10937 0.91367 39.99 0.9975 0.9975 292.0000 1.0000 -0.9132 0.0034 -0.0028 -0.9141 0.9989 -0.0077 0.0035 -0.0054 0.0183 0.3757 0.1081 -0.0090 -0.0012 -0.1107 0.3835 
696.36 11.632 16.355 0.37732 0.11073 0.91473 41.53 0.9976 0.9976 292.0000 1.0000 -0.9144 0.0039 -0.0020 -0.9150 0.9990 -0.0096 0.0032 -0.0054 0.0176 0.3734 0.1083 -0.0070 -0.0014 -0.1131 0.3813 
694.89 11.593 16.660 0.37579 0.11246 0.91587 41.97 0.9978 0.9979 292.0000 1.0000 -0.9160 0.0044 -0.0016 -0.9158 0.9986 -0.0107 0.0031 -0.0068 0.0174 0.3727 0.1097 -0.0046 -0.0018 -0.1152 0.3789 
693.12 11.536 16.992 0.37331 0.11408 0.91651 39.76 0.9976 0.9976 292.0000 1.0000 -0.9175 0.0049 -0.0012 -0.9155 0.9979 -0.0111 0.0014 -0.0069 0.0171 0.3702 0.1109 -0.0028 -0.0011 -0.1172 0.3765 
691.64 11.519 17.205 0.37210 0.11522 0.91602 42.75 0.9967 0.9968 292.0000 1.0000 -0.9175 0.0049 -0.0009 -0.9145 0.9961 -0.0108 0.0002 -0.0075 0.0168 0.3689 0.1119 -0.0022 -0.0019 -0.1186 0.3753 
689.87 11.458 17.646 0.36925 0.11746 0.91657 42.91 0.9965 0.9966 292.0000 1.0000 -0.9184 0.0044 0.0003 -0.9148 0.9958 -0.0103 0.0003 -0.0082 0.0154 0.3672 0.1151 -0.0004 -0.0019 -0.1198 0.3713 
688.39 11.417 17.879 0.36730 0.11848 0.91658 43.70 0.9962 0.9963 292.0000 1.0000 -0.9183 0.0040 0.0005 -0.9149 0.9959 -0.0102 -0.0008 -0.0087 0.0145 0.3646 0.1173 0.0000 -0.0017 -0.1196 0.3700 
686.61 11.347 18.395 0.36367 0.12094 0.91651 42.28 0.9952 0.9952 292.0000 1.0000 -0.9185 0.0042 0.0004 -0.9146 0.9939 -0.0103 -0.0014 -0.0089 0.0138 0.3620 0.1198 0.0007 0.0001 -0.1221 0.3654 
685.13 11.297 18.675 0.36173 0.12226 0.91760 41.78 0.9953 0.9954 292.0000 1.0000 -0.9202 0.0045 0.0012 -0.9150 0.9935 -0.0097 -0.0009 -0.0100 0.0134 0.3598 0.1208 0.0007 0.0020 -0.1237 0.3636 
683.34 11.286 19.036 0.36060 0.12442 0.91770 43.35 0.9953 0.9954 292.0000 1.0000 -0.9205 0.0050 0.0019 -0.9149 0.9936 -0.0089 -0.0014 -0.0109 0.0151 0.3596 0.1235 0.0005 0.0007 -0.1253 0.3616 
681.85 11.258 19.283 0.35940 0.12574 0.91852 42.88 0.9957 0.9957 292.0000 1.0000 -0.9210 0.0043 0.0018 -0.9161 0.9940 -0.0081 -0.0018 -0.0111 0.0163 0.3579 0.1254 -0.0008 0.0006 -0.1260 0.3609 
680.06 11.199 19.762 0.35700 0.12826 0.92048 44.79 0.9962 0.9963 292.0000 1.0000 -0.9227 0.0049 0.0026 -0.9183 0.9936 -0.0075 -0.0009 -0.0114 0.0176 0.3557 0.1271 -0.0013 0.0015 -0.1294 0.3583 
678.57 11.174 20.126 0.35549 0.13027 0.92094 43.39 0.9964 0.9965 292.0000 1.0000 -0.9229 0.0044 0.0024 -0.9190 0.9943 -0.0070 -0.0006 -0.0117 0.0187 0.3541 0.1298 -0.0021 0.0011 -0.1307 0.3569 
676.77 11.174 20.455 0.35477 0.13232 0.92102 42.97 0.9964 0.9965 292.0000 1.0000 -0.9222 0.0050 0.0024 -0.9198 0.9939 -0.0062 -0.0005 -0.0123 0.0196 0.3533 0.1317 -0.0020 0.0013 -0.1330 0.3562 
675.28 11.169 20.878 0.35378 0.13494 0.92145 44.24 0.9968 0.9969 292.0000 1.0000 -0.9224 0.0050 0.0024 -0.9205 0.9949 -0.0062 0.0006 -0.0127 0.0201 0.3535 0.1342 -0.0019 0.0006 -0.1356 0.3540 
673.48 11.139 21.250 0.35152 0.13670 0.92065 43.34 0.9963 0.9964 292.0000 1.0000 -0.9206 0.0052 0.0031 -0.9207 0.9954 -0.0069 0.0000 -0.0135 0.0175 0.3518 0.1363 -0.0005 0.0005 -0.1371 0.3512 
671.97 11.115 21.571 0.35004 0.13838 0.92094 44.81 0.9960 0.9960 292.0000 1.0000 -0.9203 0.0056 0.0031 -0.9216 0.9941 -0.0065 -0.0003 -0.0138 0.0178 0.3507 0.1376 0.0005 -0.0016 -0.1391 0.3494 
670.17 11.108 22.122 0.34875 0.14177 0.92179 44.44 0.9963 0.9964 292.0000 1.0000 -0.9210 0.0064 0.0029 -0.9226 0.9938 -0.0065 -0.0003 -0.0134 0.0172 0.3508 0.1402 0.0017 -0.0010 -0.1434 0.3467 
668.66 11.094 22.580 0.34721 0.14438 0.92203 45.77 0.9965 0.9966 292.0000 1.0000 -0.9207 0.0063 0.0025 -0.9233 0.9946 -0.0067 -0.0006 -0.0135 0.0165 0.3508 0.1424 0.0029 -0.0025 -0.1464 0.3436 
666.85 11.062 22.946 0.34523 0.14616 0.92225 46.65 0.9965 0.9966 292.0000 1.0000 -0.9200 0.0056 0.0021 -0.9245 0.9950 -0.0056 -0.0003 -0.0129 0.0160 0.3492 0.1450 0.0037 -0.0027 -0.1474 0.3413 
665.34 11.032 23.210 0.34353 0.14731 0.92221 45.62 0.9964 0.9964 292.0000 1.0000 -0.9194 0.0056 0.0013 -0.9250 0.9952 -0.0049 0.0000 -0.0125 0.0165 0.3470 0.1463 0.0038 -0.0035 -0.1484 0.3400 
663.53 11.010 23.598 0.34177 0.14931 0.92222 47.59 0.9963 0.9963 292.0000 1.0000 -0.9193 0.0052 0.0007 -0.9251 0.9955 -0.0047 0.0007 -0.0121 0.0164 0.3453 0.1473 0.0038 -0.0036 -0.1513 0.3383 
662.01 10.998 23.741 0.34116 0.15005 0.92271 47.50 0.9966 0.9966 292.0000 1.0000 -0.9196 0.0048 0.0002 -0.9258 0.9959 -0.0050 0.0011 -0.0117 0.0184 0.3436 0.1473 0.0028 -0.0049 -0.1528 0.3387 
660.19 11.008 23.991 0.34077 0.15166 0.92249 48.92 0.9965 0.9966 292.0000 1.0000 -0.9195 0.0046 -0.0007 -0.9255 0.9959 -0.0058 0.0012 -0.0115 0.0207 0.3424 0.1492 0.0015 -0.0066 -0.1541 0.3392 
658.67 10.995 24.251 0.33977 0.15306 0.92285 49.42 0.9965 0.9965 292.0000 1.0000 -0.9200 0.0038 -0.0011 -0.9257 0.9953 -0.0056 0.0013 -0.0115 0.0203 0.3408 0.1498 0.0006 -0.0062 -0.1563 0.3387 
656.85 10.989 24.509 0.33913 0.15461 0.92355 50.14 0.9969 0.9969 292.0000 1.0000 -0.9208 0.0038 -0.0017 -0.9263 0.9956 -0.0059 0.0009 -0.0105 0.0206 0.3392 0.1516 -0.0013 -0.0049 -0.1576 0.3391 
655.02 11.003 24.863 0.33875 0.15697 0.92378 49.32 0.9974 0.9975 292.0000 1.0000 -0.9215 0.0038 -0.0016 -0.9261 0.9968 -0.0075 -0.0001 -0.0099 0.0220 0.3394 0.1540 -0.0029 -0.0043 -0.1599 0.3381 
653.50 11.010 25.092 0.33837 0.15845 0.92390 47.27 0.9978 0.9979 292.0000 1.0000 -0.9217 0.0042 -0.0017 -0.9261 0.9981 -0.0074 0.0003 -0.0099 0.0224 0.3388 0.1554 -0.0033 -0.0048 -0.1615 0.3379 
651.66 11.006 25.488 0.33703 0.16067 0.92359 49.25 0.9978 0.9979 292.0000 1.0000 -0.9216 0.0040 -0.0018 -0.9256 0.9988 -0.0082 0.0009 -0.0096 0.0213 0.3380 0.1582 -0.0034 -0.0051 -0.1631 0.3361 
650.13 11.004 25.854 0.33561 0.16263 0.92273 46.48 0.9971 0.9972 292.0000 1.0000 -0.9207 0.0041 -0.0015 -0.9247 0.9979 -0.0091 -0.0002 -0.0096 0.0201 0.3371 0.1605 -0.0033 -0.0046 -0.1647 0.3341 
648.29 11.005 26.281 0.33446 0.16516 0.92286 47.99 0.9971 0.9972 292.0000 1.0000 -0.9214 0.0049 -0.0017 -0.9243 0.9976 -0.0112 -0.0011 -0.0095 0.0185 0.3364 0.1633 -0.0026 -0.0033 -0.1670 0.3325 
646.76 11.011 26.680 0.33358 0.16763 0.92305 46.60 0.9975 0.9975 292.0000 1.0000 -0.9224 0.0051 -0.0019 -0.9237 0.9985 -0.0126 -0.0021 -0.0094 0.0177 0.3358 0.1662 -0.0022 -0.0032 -0.1690 0.3314 
644.92 10.992 27.147 0.33163 0.17004 0.92315 50.56 0.9978 0.9979 292.0000 1.0000 -0.9223 0.0050 -0.0026 -0.9240 1.0000 -0.0137 -0.0038 -0.0106 0.0171 0.3331 0.1691 -0.0010 -0.0042 -0.1710 0.3301 
643.38 10.965 27.426 0.32987 0.17118 0.92315 49.41 0.9976 0.9977 292.0000 1.0000 -0.9226 0.0054 -0.0026 -0.9237 1.0000 -0.0142 -0.0044 -0.0105 0.0175 0.3305 0.1708 -0.0009 -0.0044 -0.1715 0.3292 
641.53 10.957 27.924 0.32823 0.17396 0.92347 47.67 0.9986 0.9986 292.0000 1.0000 -0.9233 0.0059 -0.0021 -0.9236 1.0034 -0.0140 -0.0042 -0.0105 0.0167 0.3290 0.1736 -0.0014 -0.0040 -0.1743 0.3275 
639.98 10.947 28.329 0.32681 0.17618 0.92385 48.15 0.9985 0.9986 292.0000 1.0000 -0.9235 0.0066 -0.0019 -0.9242 1.0028 -0.0142 -0.0032 -0.0111 0.0158 0.3270 0.1756 -0.0016 -0.0027 -0.1768 0.3266 
638.13 10.923 28.770 0.32461 0.17823 0.92376 49.84 0.9981 0.9982 292.0000 1.0000 -0.9236 0.0065 -0.0015 -0.9239 1.0019 -0.0137 -0.0026 -0.0115 0.0176 0.3239 0.1772 -0.0021 -0.0035 -0.1792 0.3253 
636.58 10.925 29.218 0.32337 0.18086 0.92399 47.96 0.9980 0.9981 292.0000 1.0000 -0.9238 0.0071 -0.0007 -0.9242 1.0010 -0.0125 -0.0028 -0.0115 0.0175 0.3229 0.1797 -0.0029 -0.0029 -0.1820 0.3239 
634.72 10.916 29.777 0.32154 0.18398 0.92473 45.45 0.9983 0.9984 292.0000 1.0000 -0.9246 0.0067 -0.0001 -0.9249 1.0010 -0.0113 -0.0029 -0.0120 0.0169 0.3216 0.1831 -0.0031 -0.0012 -0.1849 0.3214 
633.17 10.908 30.065 0.32035 0.18544 0.92471 47.45 0.9984 0.9985 292.0000 1.0000 -0.9245 0.0064 -0.0002 -0.9249 1.0016 -0.0108 -0.0026 -0.0116 0.0175 0.3198 0.1848 -0.0038 -0.0010 -0.1861 0.3209 
631.31 10.896 30.573 0.31853 0.18817 0.92537 45.53 0.9987 0.9988 292.0000 1.0000 -0.9256 0.0061 0.0004 -0.9252 1.0017 -0.0092 -0.0011 -0.0110 0.0180 0.3188 0.1868 -0.0043 -0.0004 -0.1896 0.3183 
629.75 10.892 30.972 0.31740 0.19050 0.92629 47.52 0.9990 0.9991 292.0000 1.0000 -0.9266 0.0059 0.0005 -0.9260 1.0010 -0.0084 -0.0001 -0.0113 0.0171 0.3185 0.1893 -0.0034 0.0007 -0.1917 0.3163 
627.88 10.901 31.438 0.31622 0.19331 0.92658 48.81 0.9989 0.9989 292.0000 1.0000 -0.9266 0.0066 0.0008 -0.9266 0.9995 -0.0078 0.0008 -0.0113 0.0171 0.3183 0.1919 -0.0028 0.0012 -0.1947 0.3141 
626.32 10.918 31.851 0.31544 0.19597 0.92684 43.80 0.9991 0.9991 292.0000 1.0000 -0.9271 0.0069 0.0013 -0.9265 0.9993 -0.0083 0.0000 -0.0117 0.0155 0.3185 0.1945 -0.0021 0.0021 -0.1974 0.3124 
624.45 10.937 32.291 0.31438 0.19868 0.92640 49.51 0.9992 0.9993 292.0000 1.0000 -0.9268 0.0066 0.0010 -0.9260 1.0003 -0.0086 -0.0010 -0.0116 0.0145 0.3179 0.1977 -0.0014 0.0013 -0.1997 0.3109 
622.88 10.948 32.586 0.31361 0.20045 0.92609 45.68 0.9991 0.9992 292.0000 1.0000 -0.9264 0.0058 0.0008 -0.9258 1.0003 -0.0086 -0.0020 -0.0120 0.0147 0.3165 0.1998 -0.0007 0.0002 -0.2011 0.3107 
621.00 10.971 32.976 0.31316 0.20318 0.92672 49.09 0.9998 0.9999 292.0000 1.0000 -0.9267 0.0055 0.0006 -0.9268 1.0012 -0.0082 -0.0021 -0.0124 0.0134 0.3157 0.2025 -0.0005 -0.0001 -0.2039 0.3106 
619.43 10.984 33.165 0.31272 0.20437 0.92612 45.57 0.9992 0.9993 292.0000 1.0000 -0.9258 0.0052 0.0004 -0.9264 0.9995 -0.0096 -0.0028 -0.0120 0.0127 0.3148 0.2044 -0.0013 0.0003 -0.2043 0.3107 
617.55 11.025 33.498 0.31258 0.20688 0.92542 48.20 0.9991 0.9992 292.0000 1.0000 -0.9249 0.0053 0.0003 -0.9259 0.9997 -0.0097 -0.0031 -0.0116 0.0117 0.3144 0.2069 -0.0016 0.0015 -0.2068 0.3108 
615.97 11.059 33.889 0.31178 0.20941 0.92409 45.52 0.9982 0.9982 292.0000 1.0000 -0.9233 0.0058 -0.0003 -0.9249 0.9977 -0.0108 -0.0029 -0.0121 0.0123 0.3134 0.2097 -0.0019 0.0011 -0.2092 0.3101 
614.08 11.060 34.121 0.31058 0.21045 0.92299 47.43 0.9972 0.9973 292.0000 1.0000 -0.9216 0.0054 -0.0005 -0.9244 0.9963 -0.0099 -0.0018 -0.0115 0.0137 0.3110 0.2107 -0.0027 0.0010 -0.2102 0.3102 
612.51 11.088 34.479 0.30969 0.21267 0.92165 46.59 0.9962 0.9962 292.0000 1.0000 -0.9196 0.0058 -0.0004 -0.9237 0.9941 -0.0101 -0.0016 -0.0113 0.0139 0.3100 0.2125 -0.0034 0.0016 -0.2129 0.3094 
610.61 11.124 34.896 0.30910 0.21560 0.92125 48.40 0.9967 0.9967 292.0000 1.0000 -0.9188 0.0052 -0.0011 -0.9237 0.9960 -0.0102 -0.0007 -0.0115 0.0136 0.3089 0.2161 -0.0035 0.0023 -0.2151 0.3093 
609.03 11.143 35.139 0.30831 0.21700 0.91987 47.02 0.9959 0.9960 292.0000 1.0000 -0.9179 0.0049 -0.0015 -0.9219 0.9953 -0.0107 -0.0007 -0.0111 0.0145 0.3072 0.2176 -0.0042 0.0022 -0.2164 0.3094 
607.13 11.173 35.686 0.30702 0.22050 0.91959 46.43 0.9959 0.9960 292.0000 1.0000 -0.9174 0.0044 -0.0021 -0.9218 0.9952 -0.0093 0.0012 -0.0109 0.0144 0.3059 0.2209 -0.0043 0.0016 -0.2201 0.3082 
605.54 11.199 35.910 0.30690 0.22224 0.91946 46.65 0.9961 0.9962 292.0000 1.0000 -0.9173 0.0046 -0.0023 -0.9216 0.9954 -0.0096 0.0018 -0.0111 0.0161 0.3054 0.2224 -0.0038 0.0007 -0.2221 0.3084 
603.63 11.249 36.329 0.30660 0.22546 0.91889 45.81 0.9963 0.9964 292.0000 1.0000 -0.9167 0.0049 -0.0028 -0.9211 0.9961 -0.0093 0.0018 -0.0111 0.0177 0.3050 0.2250 -0.0037 -0.0008 -0.2259 0.3082 
601.72 11.286 36.729 0.30602 0.22834 0.91856 44.93 0.9969 0.9970 292.0000 1.0000 -0.9167 0.0043 -0.0024 -0.9205 0.9982 -0.0090 0.0017 -0.0112 0.0182 0.3045 0.2272 -0.0033 -0.0017 -0.2295 0.3076 
600.13 11.328 37.077 0.30581 0.23109 0.91829 47.02 0.9973 0.9974 292.0000 1.0000 -0.9163 0.0041 -0.0024 -0.9203 0.9990 -0.0088 0.0013 -0.0109 0.0184 0.3045 0.2300 -0.0037 -0.0032 -0.2322 0.3071 
598.22 11.395 37.527 0.30610 0.23510 0.91867 46.48 0.9985 0.9986 292.0000 1.0000 -0.9164 0.0039 -0.0024 -0.9210 1.0012 -0.0080 0.0000 -0.0110 0.0183 0.3054 0.2338 -0.0036 -0.0039 -0.2365 0.3068 
596.62 11.445 37.755 0.30670 0.23752 0.91881 47.48 0.9992 0.9993 292.0000 1.0000 -0.9164 0.0037 -0.0028 -0.9212 1.0021 -0.0079 -0.0002 -0.0106 0.0185 0.3060 0.2366 -0.0046 -0.0039 -0.2384 0.3074 
594.70 11.489 38.090 0.30644 0.24019 0.91826 46.69 0.9994 0.9995 292.0000 1.0000 -0.9160 0.0036 -0.0023 -0.9205 1.0029 -0.0074 -0.0012 -0.0104 0.0196 0.3059 0.2396 -0.0050 -0.0045 -0.2408 0.3070 
593.10 11.533 38.460 0.30601 0.24306 0.91773 43.99 0.9995 0.9995 292.0000 1.0000 -0.9159 0.0038 -0.0020 -0.9196 1.0029 -0.0070 -0.0025 -0.0103 0.0191 0.3056 0.2427 -0.0052 -0.0034 -0.2434 0.3064 
591.17 11.575 38.839 0.30525 0.24577 0.91659 46.52 0.9989 0.9990 292.0000 1.0000 -0.9148 0.0048 -0.0022 -0.9184 1.0019 -0.0067 -0.0014 -0.0109 0.0200 0.3046 0.2458 -0.0051 -0.0037 -0.2457 0.3059 
589.56 11.616 39.127 0.30500 0.24811 0.91588 46.60 0.9986 0.9986 292.0000 1.0000 -0.9140 0.0050 -0.0020 -0.9177 1.0009 -0.0055 -0.0006 -0.0108 0.0193 0.3042 0.2480 -0.0050 -0.0032 -0.2482 0.3058 
587.63 11.677 39.573 0.30441 0.25159 0.91458 46.79 0.9981 0.9982 292.0000 1.0000 -0.9129 0.0056 -0.0018 -0.9163 0.9999 -0.0057 -0.0007 -0.0115 0.0190 0.3039 0.2517 -0.0043 -0.0033 -0.2515 0.3049 
586.02 11.714 39.865 0.30416 0.25401 0.91452 42.75 0.9985 0.9986 292.0000 1.0000 -0.9129 0.0056 -0.0017 -0.9162 1.0006 -0.0065 -0.0011 -0.0117 0.0189 0.3034 0.2549 -0.0034 -0.0032 -0.2531 0.3049 
584.09 11.767 40.421 0.30299 0.25806 0.91383 45.83 0.9984 0.9985 292.0000 1.0000 -0.9127 0.0058 -0.0007 -0.9149 1.0003 -0.0057 -0.0005 -0.0120 0.0180 0.3035 0.2587 -0.0024 -0.0029 -0.2574 0.3025 
582.47 11.814 40.763 0.30284 0.26106 0.91394 44.87 0.9989 0.9989 292.0000 1.0000 -0.9127 0.0059 -0.0006 -0.9151 1.0004 -0.0053 0.0001 -0.0126 0.0176 0.3033 0.2612 -0.0020 -0.0022 -0.2609 0.3023 
580.53 11.859 41.129 0.30210 0.26381 0.91290 45.17 0.9983 0.9984 292.0000 1.0000 -0.9112 0.0064 -0.0007 -0.9146 0.9990 -0.0049 0.0018 -0.0124 0.0182 0.3029 0.2633 -0.0016 -0.0014 -0.2644 0.3013 
578.91 11.910 41.367 0.30238 0.26627 0.91265 43.05 0.9988 0.9989 292.0000 1.0000 -0.9106 0.0064 -0.0006 -0.9147 1.0001 -0.0056 0.0014 -0.0125 0.0173 0.3028 0.2654 -0.0017 -0.0004 -0.2672 0.3019 
576.96 11.960 41.731 0.30198 0.26935 0.91230 44.82 0.9993 0.9994 292.0000 1.0000 -0.9099 0.0063 0.0002 -0.9147 1.0011 -0.0049 0.0020 -0.0124 0.0163 0.3022 0.2677 -0.0018 0.0002 -0.2710 0.3018 
575.34 12.010 41.975 0.30201 0.27168 0.91152 42.73 0.9992 0.9993 292.0000 1.0000 -0.9085 0.0064 0.0005 -0.9145 1.0010 -0.0065 0.0008 -0.0120 0.0150 0.3023 0.2697 -0.0017 0.0008 -0.2736 0.3017 
573.39 12.075 42.274 0.30222 0.27475 0.91097 43.14 0.9993 0.9994 292.0000 1.0000 -0.9081 0.0062 -0.0001 -0.9138 1.0006 -0.0071 0.0001 -0.0119 0.0149 0.3020 0.2728 -0.0023 0.0005 -0.2767 0.3024 
571.76 12.142 42.554 0.30218 0.27742 0.90922 41.98 0.9984 0.9985 292.0000 1.0000 -0.9064 0.0063 -0.0006 -0.9121 0.9987 -0.0072 0.0002 -0.0117 0.0151 0.3020 0.2757 -0.0031 -0.0001 -0.2791 0.3024 
569.80 12.227 42.763 0.30320 0.28041 0.90815 41.09 0.9982 0.9983 292.0000 1.0000 -0.9056 0.0062 -0.0009 -0.9107 0.9976 -0.0078 -0.0013 -0.0117 0.0157 0.3019 0.2783 -0.0039 -0.0002 -0.2825 0.3045 
568.17 12.294 43.005 0.30336 0.28293 0.90656 41.31 0.9976 0.9977 292.0000 1.0000 -0.9041 0.0060 -0.0012 -0.9091 0.9965 -0.0086 -0.0033 -0.0115 0.0155 0.3018 0.2810 -0.0049 -0.0014 -0.2849 0.3050 
566.20 12.388 43.253 0.30399 0.28600 0.90430 40.39 0.9968 0.9969 292.0000 1.0000 -0.9018 0.0062 -0.0016 -0.9068 0.9954 -0.0092 -0.0028 -0.0113 0.0152 0.3016 0.2838 -0.0051 -0.0021 -0.2882 0.3063 
564.57 12.474 43.454 0.30488 0.28885 0.90281 40.91 0.9966 0.9967 292.0000 1.0000 -0.9002 0.0058 -0.0019 -0.9054 0.9950 -0.0104 -0.0037 -0.0111 0.0153 0.3025 0.2869 -0.0056 -0.0025 -0.2908 0.3073 
562.60 12.569 43.607 0.30625 0.29171 0.90140 39.36 0.9970 0.9971 292.0000 1.0000 -0.8987 0.0054 -0.0023 -0.9041 0.9966 -0.0109 -0.0046 -0.0110 0.0155 0.3035 0.2903 -0.0061 -0.0010 -0.2932 0.3090 
560.96 12.623 43.839 0.30630 0.29413 0.90062 36.79 0.9974 0.9975 292.0000 1.0000 -0.8980 0.0053 -0.0025 -0.9033 0.9981 -0.0110 -0.0042 -0.0108 0.0154 0.3032 0.2931 -0.0068 0.0002 -0.2952 0.3094 
558.98 12.727 44.161 0.30730 0.29842 0.89990 38.68 0.9982 0.9983 292.0000 1.0000 -0.8977 0.0053 -0.0022 -0.9021 0.9996 -0.0110 -0.0047 -0.0107 0.0148 0.3048 0.2974 -0.0072 0.0017 -0.2994 0.3098 
557.34 12.797 44.376 0.30793 0.30130 0.89944 36.21 0.9988 0.9989 292.0000 1.0000 -0.8977 0.0054 -0.0019 -0.9012 1.0005 -0.0109 -0.0044 -0.0108 0.0142 0.3050 0.3004 -0.0076 0.0028 -0.3022 0.3108 
555.36 12.866 44.663 0.30772 0.30412 0.89774 35.33 0.9982 0.9983 292.0000 1.0000 -0.8959 0.0059 -0.0019 -0.8996 0.9998 -0.0101 -0.0028 -0.0106 0.0139 0.3043 0.3032 -0.0071 0.0036 -0.3050 0.3111 
553.71 12.928 44.860 0.30810 0.30660 0.89689 36.16 0.9983 0.9984 292.0000 1.0000 -0.8953 0.0055 -0.0018 -0.8985 1.0000 -0.0100 -0.0027 -0.0107 0.0146 0.3045 0.3058 -0.0066 0.0042 -0.3074 0.3117 
551.72 13.004 45.194 0.30788 0.30997 0.89550 34.36 0.9981 0.9981 292.0000 1.0000 -0.8942 0.0056 -0.0014 -0.8968 0.9995 -0.0090 -0.0010 -0.0108 0.0145 0.3048 0.3091 -0.0054 0.0059 -0.3109 0.3110 
550.07 13.078 45.460 0.30808 0.31306 0.89440 33.22 0.9979 0.9980 292.0000 1.0000 -0.8930 0.0058 -0.0017 -0.8958 0.9987 -0.0097 -0.0011 -0.0113 0.0158 0.3059 0.3122 -0.0051 0.0057 -0.3139 0.3102 
548.08 13.154 45.669 0.30842 0.31570 0.89272 35.12 0.9972 0.9973 292.0000 1.0000 -0.8914 0.0061 -0.0021 -0.8940 0.9972 -0.0092 0.0008 -0.0111 0.0169 0.3056 0.3148 -0.0049 0.0044 -0.3166 0.3112 
546.08 13.257 45.934 0.30902 0.31925 0.89066 34.53 0.9965 0.9966 292.0000 1.0000 -0.8890 0.0064 -0.0020 -0.8923 0.9954 -0.0086 0.0015 -0.0111 0.0180 0.3068 0.3180 -0.0050 0.0048 -0.3206 0.3112 
544.42 13.339 45.989 0.31046 0.32136 0.88931 33.44 0.9965 0.9966 292.0000 1.0000 -0.8881 0.0067 -0.0018 -0.8905 0.9955 -0.0093 0.0006 -0.0115 0.0190 0.3081 0.3196 -0.0050 0.0031 -0.3232 0.3128 
542.42 13.441 46.250 0.31110 0.32498 0.88751 31.07 0.9964 0.9965 292.0000 1.0000 -0.8861 0.0067 -0.0022 -0.8890 0.9956 -0.0085 0.0009 -0.0115 0.0197 0.3093 0.3225 -0.0047 0.0016 -0.3275 0.3129 
540.75 13.545 46.399 0.31250 0.32814 0.88588 33.52 0.9963 0.9963 292.0000 1.0000 -0.8847 0.0068 -0.0025 -0.8871 0.9949 -0.0085 0.0011 -0.0112 0.0205 0.3107 0.3247 -0.0053 0.0020 -0.3316 0.3143 
538.75 13.661 46.501 0.31442 0.33134 0.88419 33.34 0.9963 0.9964 292.0000 1.0000 -0.8829 0.0067 -0.0024 -0.8855 0.9948 -0.0087 -0.0004 -0.0114 0.0203 0.3129 0.3287 -0.0055 0.0017 -0.3340 0.3160 
537.08 13.762 46.595 0.31624 0.33435 0.88316 32.93 0.9974 0.9974 292.0000 1.0000 -0.8815 0.0064 -0.0027 -0.8848 0.9977 -0.0080 -0.0008 -0.0116 0.0193 0.3144 0.3323 -0.0058 0.0034 -0.3364 0.3180 
535.07 13.886 46.752 0.31824 0.33832 0.88203 34.15 0.9981 0.9982 292.0000 1.0000 -0.8807 0.0060 -0.0030 -0.8834 0.9988 -0.0076 -0.0005 -0.0115 0.0187 0.3167 0.3362 -0.0065 0.0047 -0.3404 0.3198 
533.39 14.011 46.809 0.32060 0.34151 0.88020 33.52 0.9982 0.9982 292.0000 1.0000 -0.8792 0.0057 -0.0029 -0.8812 0.9985 -0.0079 -0.0010 -0.0115 0.0178 0.3189 0.3387 -0.0070 0.0039 -0.3444 0.3223 
531.38 14.127 46.895 0.32242 0.34448 0.87798 31.06 0.9978 0.9978 292.0000 1.0000 -0.8765 0.0052 -0.0026 -0.8795 0.9976 -0.0086 -0.0006 -0.0116 0.0166 0.3204 0.3426 -0.0063 0.0035 -0.3464 0.3244 
529.70 14.237 47.005 0.32396 0.34746 0.87588 32.16 0.9973 0.9974 292.0000 1.0000 -0.8739 0.0052 -0.0024 -0.8779 0.9965 -0.0086 -0.0007 -0.0117 0.0165 0.3216 0.3461 -0.0054 0.0023 -0.3488 0.3263 
527.68 14.399 47.187 0.32620 0.35210 0.87314 31.68 0.9966 0.9966 292.0000 1.0000 -0.8709 0.0046 -0.0034 -0.8754 0.9935 -0.0086 -0.0007 -0.0119 0.0163 0.3251 0.3508 -0.0052 0.0032 -0.3534 0.3273 
525.99 14.525 47.331 0.32775 0.35557 0.87060 31.90 0.9961 0.9962 292.0000 1.0000 -0.8680 0.0041 -0.0035 -0.8732 0.9927 -0.0085 -0.0002 -0.0112 0.0143 0.3273 0.3545 -0.0051 0.0037 -0.3566 0.3283 
523.97 14.685 47.462 0.33007 0.35972 0.86752 31.61 0.9959 0.9959 292.0000 1.0000 -0.8639 0.0039 -0.0041 -0.8711 0.9925 -0.0076 0.0012 -0.0106 0.0147 0.3297 0.3583 -0.0051 0.0019 -0.3612 0.3304 
522.28 14.801 47.492 0.33211 0.36233 0.86515 31.71 0.9955 0.9956 292.0000 1.0000 -0.8611 0.0037 -0.0040 -0.8691 0.9920 -0.0081 0.0027 -0.0100 0.0146 0.3309 0.3603 -0.0053 0.0013 -0.3644 0.3333 
520.25 14.945 47.583 0.33460 0.36621 0.86300 30.41 0.9958 0.9959 292.0000 1.0000 -0.8591 0.0038 -0.0033 -0.8670 0.9925 -0.0074 0.0031 -0.0096 0.0145 0.3336 0.3639 -0.0060 0.0011 -0.3686 0.3356 
518.55 15.050 47.564 0.33701 0.36861 0.86163 30.40 0.9962 0.9963 292.0000 1.0000 -0.8580 0.0047 -0.0031 -0.8653 0.9929 -0.0072 0.0034 -0.0095 0.0152 0.3358 0.3652 -0.0062 0.0003 -0.3720 0.3382 
516.52 15.183 47.637 0.33964 0.37244 0.86031 29.93 0.9970 0.9970 292.0000 1.0000 -0.8564 0.0050 -0.0031 -0.8642 0.9936 -0.0060 0.0036 -0.0093 0.0165 0.3384 0.3691 -0.0054 -0.0003 -0.3757 0.3409 
514.82 15.301 47.670 0.34188 0.37533 0.85842 29.68 0.9969 0.9970 292.0000 1.0000 -0.8547 0.0052 -0.0030 -0.8621 0.9930 -0.0061 0.0031 -0.0089 0.0162 0.3411 0.3725 -0.0049 -0.0001 -0.3782 0.3427 
512.78 15.455 47.605 0.34570 0.37865 0.85633 29.28 0.9975 0.9976 292.0000 1.0000 -0.8525 0.0046 -0.0030 -0.8601 0.9938 -0.0066 0.0025 -0.0088 0.0158 0.3448 0.3771 -0.0046 -0.0001 -0.3802 0.3466 
511.07 15.593 47.617 0.34822 0.38158 0.85345 27.37 0.9971 0.9972 292.0000 1.0000 -0.8497 0.0048 -0.0037 -0.8572 0.9933 -0.0059 0.0020 -0.0094 0.0156 0.3467 0.3801 -0.0049 0.0009 -0.3831 0.3498 
509.03 15.712 47.555 0.35121 0.38403 0.85175 25.33 0.9978 0.9978 292.0000 1.0000 -0.8480 0.0048 -0.0038 -0.8555 0.9948 -0.0064 0.0014 -0.0096 0.0160 0.3498 0.3826 -0.0040 0.0007 -0.3855 0.3526 
507.32 15.829 47.460 0.35421 0.38600 0.84968 23.96 0.9981 0.9981 292.0000 1.0000 -0.8453 0.0050 -0.0039 -0.8541 0.9958 -0.0073 -0.0001 -0.0100 0.0154 0.3527 0.3851 -0.0041 -0.0005 -0.3869 0.3557 
505.27 15.938 47.430 0.35646 0.38805 0.84734 25.58 0.9979 0.9980 292.0000 1.0000 -0.8427 0.0057 -0.0035 -0.8520 0.9959 -0.0097 -0.0022 -0.0108 0.0149 0.3546 0.3878 -0.0038 -0.0004 -0.3883 0.3583 
503.55 16.041 47.329 0.35881 0.38923 0.84452 24.57 0.9971 0.9972 292.0000 1.0000 -0.8397 0.0066 -0.0035 -0.8493 0.9950 -0.0107 -0.0038 -0.0114 0.0145 0.3568 0.3887 -0.0037 -0.0012 -0.3897 0.3608 
501.49 16.220 47.325 0.36172 0.39234 0.83960 24.86 0.9953 0.9954 292.0000 1.0000 -0.8352 0.0065 -0.0044 -0.8441 0.9916 -0.0118 -0.0039 -0.0115 0.0127 0.3603 0.3923 -0.0038 -0.0001 -0.3924 0.3631 
499.78 16.366 47.306 0.36460 0.39520 0.83655 24.51 0.9951 0.9952 292.0000 1.0000 -0.8322 0.0064 -0.0039 -0.8409 0.9916 -0.0120 -0.0043 -0.0118 0.0116 0.3633 0.3959 -0.0032 -0.0002 -0.3945 0.3659 
497.71 16.519 47.249 0.36774 0.39781 0.83301 24.00 0.9946 0.9946 292.0000 1.0000 -0.8289 0.0061 -0.0038 -0.8371 0.9910 -0.0117 -0.0036 -0.0113 0.0110 0.3665 0.3976 -0.0022 -0.0007 -0.3980 0.3690 
495.99 16.690 47.178 0.37154 0.40091 0.82958 24.55 0.9941 0.9942 292.0000 1.0000 -0.8257 0.0062 -0.0040 -0.8335 0.9894 -0.0115 -0.0033 -0.0124 0.0112 0.3702 0.4011 -0.0030 -0.0005 -0.4007 0.3729 
493.92 16.849 46.979 0.37623 0.40316 0.82689 22.68 0.9944 0.9945 292.0000 1.0000 -0.8237 0.0060 -0.0031 -0.8300 0.9899 -0.0105 -0.0022 -0.0120 0.0113 0.3750 0.4044 -0.0037 0.0002 -0.4019 0.3775 
492.20 17.025 46.884 0.38033 0.40619 0.82345 23.10 0.9945 0.9946 292.0000 1.0000 -0.8199 0.0060 -0.0036 -0.8270 0.9904 -0.0105 -0.0016 -0.0118 0.0117 0.3789 0.4074 -0.0039 0.0006 -0.4049 0.3818 
490.12 17.204 46.655 0.38537 0.40830 0.81973 22.42 0.9943 0.9943 292.0000 1.0000 -0.8164 0.0056 -0.0032 -0.8231 0.9900 -0.0100 -0.0010 -0.0114 0.0137 0.3837 0.4101 -0.0041 0.0011 -0.4065 0.3870 
488.04 17.370 46.608 0.38890 0.41136 0.81635 23.35 0.9941 0.9941 292.0000 1.0000 -0.8136 0.0044 -0.0030 -0.8191 0.9893 -0.0093 0.0004 -0.0110 0.0125 0.3872 0.4139 -0.0044 0.0006 -0.4088 0.3906 
486.31 17.519 46.517 0.39325 0.41465 0.81501 21.65 0.9954 0.9955 292.0000 1.0000 -0.8125 0.0045 -0.0026 -0.8175 0.9909 -0.0089 0.0009 -0.0098 0.0121 0.3923 0.4163 -0.0052 0.0002 -0.4130 0.3942 
484.23 17.663 46.256 0.39764 0.41547 0.81145 21.48 0.9953 0.9953 292.0000 1.0000 -0.8096 0.0048 -0.0021 -0.8133 0.9920 -0.0089 -0.0011 -0.0095 0.0112 0.3957 0.4170 -0.0047 0.0001 -0.4140 0.3995 
482.49 17.747 46.135 0.40020 0.41638 0.80984 21.63 0.9960 0.9961 292.0000 1.0000 -0.8075 0.0037 -0.0023 -0.8122 0.9947 -0.0076 -0.0005 -0.0086 0.0108 0.3990 0.4171 -0.0044 0.0009 -0.4156 0.4014 
480.40 17.901 45.920 0.40526 0.41848 0.80764 21.34 0.9972 0.9973 292.0000 1.0000 -0.8052 0.0034 -0.0019 -0.8101 0.9972 -0.0077 -0.0013 -0.0088 0.0114 0.4042 0.4178 -0.0046 -0.0017 -0.4192 0.4063 
478.66 18.007 45.676 0.40943 0.41920 0.80612 20.50 0.9980 0.9980 292.0000 1.0000 -0.8036 0.0036 -0.0019 -0.8086 0.9988 -0.0067 -0.0028 -0.0091 0.0126 0.4074 0.4177 -0.0042 -0.0017 -0.4207 0.4114 
476.56 18.192 45.376 0.41563 0.42111 0.80304 20.34 0.9985 0.9986 292.0000 1.0000 -0.8009 0.0037 -0.0015 -0.8052 0.9991 -0.0050 -0.0035 -0.0083 0.0127 0.4129 0.4177 -0.0050 -0.0008 -0.4246 0.4184 
474.81 18.353 45.203 0.42040 0.42339 0.80035 18.83 0.9990 0.9991 292.0000 1.0000 -0.7982 0.0030 -0.0014 -0.8025 0.9995 -0.0059 -0.0033 -0.0079 0.0119 0.4167 0.4198 -0.0051 -0.0004 -0.4270 0.4241 
472.71 18.538 45.015 0.42617 0.42640 0.79783 18.63 1.0003 1.0004 292.0000 1.0000 -0.7953 0.0032 -0.0011 -0.8004 1.0013 -0.0056 -0.0046 -0.0088 0.0124 0.4225 0.4223 -0.0036 -0.0025 -0.4305 0.4299 
470.96 18.685 44.657 0.43203 0.42690 0.79527 17.35 1.0012 1.0012 292.0000 1.0000 -0.7926 0.0026 -0.0011 -0.7979 1.0034 -0.0061 -0.0047 -0.0085 0.0129 0.4279 0.4233 -0.0029 -0.0041 -0.4305 0.4362 
468.86 18.883 44.297 0.43894 0.42830 0.79165 16.31 1.0016 1.0017 292.0000 1.0000 -0.7886 0.0036 -0.0007 -0.7947 1.0037 -0.0066 -0.0074 -0.0081 0.0117 0.4345 0.4255 -0.0029 -0.0050 -0.4311 0.4434 
467.10 19.042 44.007 0.44401 0.42888 0.78778 15.66 1.0009 1.0010 292.0000 1.0000 -0.7838 0.0027 -0.0005 -0.7918 1.0020 -0.0068 -0.0062 -0.0075 0.0118 0.4398 0.4264 -0.0026 -0.0031 -0.4314 0.4482 
464.99 19.248 43.641 0.45089 0.43000 0.78341 15.93 1.0012 1.0013 292.0000 1.0000 -0.7786 0.0035 -0.0011 -0.7882 1.0029 -0.0083 -0.0076 -0.0068 0.0123 0.4465 0.4290 -0.0012 -0.0039 -0.4310 0.4553 
463.23 19.425 43.203 0.45713 0.42931 0.77862 14.79 0.9996 0.9996 292.0000 1.0000 -0.7739 0.0038 -0.0006 -0.7834 0.9987 -0.0077 -0.0059 -0.0068 0.0130 0.4527 0.4290 -0.0020 -0.0041 -0.4297 0.4616 
461.11 19.581 42.950 0.46175 0.42984 0.77457 15.08 0.9990 0.9990 292.0000 1.0000 -0.7695 0.0040 0.0004 -0.7796 0.9981 -0.0092 -0.0060 -0.0056 0.0118 0.4581 0.4306 -0.0014 -0.0064 -0.4290 0.4654 
459.34 19.729 42.601 0.46636 0.42886 0.76974 14.75 0.9976 0.9976 292.0000 1.0000 -0.7649 0.0051 -0.0004 -0.7746 0.9964 -0.0115 -0.0068 -0.0040 0.0102 0.4638 0.4314 -0.0013 -0.0055 -0.4263 0.4689 
457.22 19.897 42.111 0.47246 0.42706 0.76459 14.70 0.9963 0.9964 292.0000 1.0000 -0.7583 0.0051 -0.0001 -0.7709 0.9951 -0.0115 -0.0057 -0.0043 0.0096 0.4724 0.4291 0.0003 -0.0043 -0.4251 0.4725 
455.45 19.983 41.710 0.47622 0.42445 0.76119 14.34 0.9945 0.9946 292.0000 1.0000 -0.7548 0.0043 -0.0003 -0.7676 0.9918 -0.0103 -0.0033 -0.0041 0.0103 0.4766 0.4280 0.0009 -0.0008 -0.4208 0.4758 
453.32 20.142 41.092 0.48345 0.42162 0.75684 14.82 0.9932 0.9933 292.0000 1.0000 -0.7499 0.0036 -0.0012 -0.7638 0.9885 -0.0090 -0.0001 -0.0050 0.0103 0.4853 0.4267 0.0018 -0.0033 -0.4165 0.4816 
451.55 20.354 40.631 0.49052 0.42088 0.75124 15.11 0.9916 0.9916 292.0000 1.0000 -0.7448 0.0028 -0.0019 -0.7577 0.9843 -0.0063 0.0029 -0.0050 0.0094 0.4933 0.4249 0.0005 -0.0020 -0.4168 0.4877 
449.42 20.552 40.001 0.49907 0.41878 0.74673 15.81 0.9922 0.9922 292.0000 1.0000 -0.7419 0.0035 0.0009 -0.7516 0.9867 -0.0069 0.0015 -0.0045 0.0082 0.5035 0.4226 -0.0014 0.0017 -0.4150 0.4946 
447.63 20.681 39.528 0.50309 0.41513 0.74086 14.53 0.9903 0.9903 292.0000 1.0000 -0.7362 0.0038 -0.0004 -0.7455 0.9870 -0.0084 -0.0003 -0.0046 0.0102 0.5062 0.4169 -0.0034 -0.0009 -0.4133 0.5000 
445.50 20.865 38.934 0.51133 0.41310 0.73711 14.25 0.9917 0.9917 292.0000 1.0000 -0.7326 0.0052 0.0006 -0.7417 0.9912 -0.0063 -0.0038 -0.0074 0.0082 0.5210 0.4139 -0.0006 -0.0005 -0.4123 0.5017 
443.71 20.959 38.222 0.51840 0.40827 0.73505 14.15 0.9927 0.9927 292.0000 1.0000 -0.7311 0.0052 0.0005 -0.7390 0.9949 -0.0101 -0.0032 -0.0052 0.0055 0.5278 0.4122 -0.0017 0.0019 -0.4043 0.5090 
441.57 21.161 37.386 0.52811 0.40357 0.73000 11.61 0.9927 0.9928 292.0000 1.0000 -0.7256 0.0054 0.0010 -0.7344 0.9963 -0.0110 -0.0053 -0.0053 0.0040 0.5383 0.4059 -0.0029 0.0032 -0.4013 0.5179 
439.78 21.347 36.734 0.53648 0.40038 0.72566 9.30 0.9929 0.9929 292.0000 1.0000 -0.7219 0.0059 0.0004 -0.7295 0.9969 -0.0109 -0.0093 -0.0054 0.0016 0.5469 0.4015 -0.0051 0.0035 -0.3992 0.5261 
437.63 21.533 35.862 0.54688 0.39533 0.72203 7.93 0.9936 0.9937 292.0000 1.0000 -0.7169 0.0023 -0.0023 -0.7272 0.9979 -0.0143 -0.0130 -0.0052 0.0005 0.5542 0.3946 -0.0060 0.0036 -0.3961 0.5396 
435.83 21.676 35.109 0.55549 0.39054 0.71931 7.21 0.9942 0.9943 292.0000 1.0000 -0.7125 -0.0023 -0.0055 -0.7261 0.9984 -0.0183 -0.0162 -0.0049 0.0000 0.5588 0.3879 -0.0063 0.0032 -0.3932 0.5522 
433.68 21.835 34.171 0.56673 0.38473 0.71755 5.58 0.9961 0.9963 292.0000 1.0000 -0.7080 -0.0098 -0.0107 -0.7271 1.0003 -0.0246 -0.0204 -0.0043 0.0001 0.5635 0.3793 -0.0060 0.0021 -0.3901 0.5700 
431.88 21.959 33.366 0.57626 0.37948 0.71667 5.22 0.9980 0.9982 292.0000 1.0000 -0.7042 -0.0177 -0.0160 -0.7292 1.0019 -0.0309 -0.0241 -0.0037 0.0006 0.5661 0.3714 -0.0052 0.0008 -0.3875 0.5864 
429.72 22.076 32.534 0.58561 0.37356 0.71581 4.12 0.9996 1.0001 292.0000 1.0000 -0.6999 -0.0270 -0.0224 -0.7317 1.0029 -0.0383 -0.0280 -0.0028 0.0016 0.5673 0.3625 -0.0040 -0.0009 -0.3846 0.6039 

# MINIMA:
429.72 10.892 6.872 0.30198 0.05932 0.71581 4.12 0.9870 0.9870 292.0000 1.0000 -0.9271 -0.0270 -0.0224 -0.9268 0.9692 -0.0383 -0.0280 -0.0208 -0.0028 0.3016 0.0564 -0.0131 -0.0190 -0.4314 0.3013 

# MAXIMA:
848.68 22.076 47.670 0.58561 0.43000 0.92684 50.56 1.0076 1.0077 292.0000 1.0000 -0.6999 0.0246 0.0151 -0.7261 1.0057 0.0137 0.0177 0.0089 0.0519 0.5718 0.4314 0.0087 0.0195 -0.0567 0.6039 

# PEAKS:

# END SPECTRUM

